30
-30.160396026187627 -28.459739396288292
35.59532198320923 26.154927335192596
75.68724118109873 42.16326548125558
-68.33064227706949 -39.66850630011464
91.65331755642939 61.689623287279446
97.0037582389401 57.62309741325274
72.81624908734838 41.09372364078415
-18.957684510389058 -8.065503963697147
79.63345812932084 46.10732702040317
-8.464286091540089 -5.554083393055559
-94.73939714186083 -55.842108887188544
-49.56648494657643 -39.84042959664245
17.649923688728194 13.25551458028025
79.86579788685893 44.91750215327585
-37.3941223518655 -17.656292142709063
84.58343934563993 55.29656743713785
-12.387590507469298 0.3106354276330876
58.973239017141566 43.08242711047838
7.646913761005862 10.578791609079872
-94.4896269015594 -71.25929378126675
-65.76125281352594 -36.63786288545646
73.62535046602002 52.743345924099366
51.26117150328986 31.09204696393146
-99.57922157723145 -57.38349821908338
16.62002219555265 14.438668793451706
11.715920887283062 13.402553659327467
60.339109108917256 39.32979183252168
18.989900375128002 5.283828925175548
-50.174313707438635 -33.36740021790166
-86.14292944894547 -47.832250510357355
115