1034
1 1535
1 1795
2 1336
2 1462
2 1926
2 1955
3 1391
4 1662
5 1521
7 1113
10 1311
11 1277
11 1305
13 1052
13 1376
16 1202
17 1315
17 1360
18 1295
18 1488
19 1582
19 1664
20 1781
20 1788
21 1766
22 1062
28 1888
30 1208
31 1835
31 1927
33 1122
33 1234
34 1535
34 1992
36 1423
36 1574
36 1968
38 1840
40 1790
41 1024
41 1593
42 1871
43 1267
44 1485
45 1857
46 1382
46 1681
47 1833
48 1299
48 1761
51 1315
53 1131
53 1409
53 1908
57 1287
60 1166
61 1358
65 1123
69 1169
71 1229
71 1635
74 1353
75 1598
77 1314
78 1660
78 1996
79 1282
80 1942
82 1643
84 1315
84 1675
85 1362
86 1530
86 1864
87 1228
87 1904
88 1173
88 1517
89 1782
89 1946
91 1614
94 1188
94 1893
96 1159
97 1505
98 1054
98 1323
98 1818
99 1164
100 1335
100 1404
101 1432
103 1536
103 1624
104 1547
108 1414
110 1301
110 1584
111 1074
112 1082
113 1444
113 1466
113 1716
113 1954
115 1379
116 1770
117 1042
117 1815
119 1285
120 1185
120 1790
120 1795
121 1410
122 1043
122 1166
123 1523
123 1583
127 1653
130 1090
131 1527
131 1961
132 1189
133 1222
133 1417
133 1455
134 1600
135 1527
137 1425
139 1344
141 1380
141 1479
142 1159
144 1253
145 1752
146 1140
147 1219
148 1659
148 1749
149 1151
155 1305
157 1124
157 1183
158 1098
158 1112
159 1285
159 1644
159 1966
161 1880
162 1656
163 1190
164 1197
165 1714
166 1443
166 1692
166 1694
166 1717
166 1880
167 1745
167 1893
169 1628
170 1062
171 1029
171 1699
173 1790
174 1294
177 1269
179 1533
180 1175
180 1429
180 1758
181 1588
182 1013
182 1796
183 1273
184 1994
185 1778
185 1869
187 1242
187 1704
188 1149
190 1839
191 1584
191 1637
191 1891
192 1548
194 1456
195 1004
195 1322
196 1070
196 1800
198 1352
198 1454
200 1481
200 1616
200 1881
202 1105
204 1153
204 1501
204 1799
206 1722
206 1771
207 1643
208 1256
209 1351
212 1016
213 1742
214 1101
215 1995
216 1449
216 1626
216 1686
218 1279
219 1115
220 1899
222 1366
223 1222
225 1374
226 1900
227 1284
228 1345
228 1755
229 1368
229 1395
232 1254
232 1685
232 1735
233 1363
233 1946
234 1800
235 1043
235 1485
237 1285
237 1613
238 1784
238 1843
238 1955
238 1985
239 1962
241 1609
243 1245
243 1388
244 1614
246 1877
247 1105
247 1615
248 1464
248 1530
249 1129
251 1482
252 1049
252 1090
252 1928
253 1454
253 1527
254 1324
255 1172
256 1371
257 1543
257 1923
259 1746
260 1034
260 1566
261 1509
261 1954
263 1681
265 1448
265 1475
265 1576
267 1216
267 1496
268 1324
269 1780
269 1977
270 1164
273 1975
274 1063
275 1229
275 1240
276 1345
279 1049
280 1092
280 1995
281 1124
281 1701
282 1314
282 1432
282 1813
282 1881
283 1467
284 1537
285 1002
287 1245
287 1968
289 1081
292 1574
293 1438
293 1439
294 1394
294 1568
294 1788
295 1542
295 1706
296 1197
298 1756
303 1318
303 1744
306 1724
307 1158
307 1361
307 1787
310 1255
313 1055
313 1793
313 1821
313 1924
314 1891
317 1042
317 1467
319 1421
319 1563
319 1981
321 1118
321 1211
323 1500
323 1705
324 1117
327 1682
328 1274
329 1301
329 1682
329 1742
329 1849
330 1644
331 1885
332 1380
335 1325
336 1189
336 1565
336 1771
337 1070
337 1473
338 1558
338 1968
339 1178
340 1817
342 1382
343 1192
346 1311
348 1903
349 1487
351 1206
351 1632
351 1734
352 1013
352 1237
352 1275
352 1715
354 1331
356 1535
357 1947
357 1986
359 1582
360 1676
360 1855
361 1766
361 1810
362 1383
362 1503
363 1512
363 1912
364 1018
364 1877
365 1415
366 1190
366 1306
368 1189
369 1769
370 1479
371 1790
371 1887
372 1386
372 1721
373 1214
373 1410
373 1538
374 1662
374 1852
376 1061
377 1094
377 1313
380 1296
381 1204
382 1721
383 1031
385 1986
386 1807
387 1854
389 1945
390 1835
390 1843
392 1121
392 1771
393 1505
393 1994
394 1078
394 1293
394 1335
394 1649
395 1025
396 1583
396 1719
399 1220
399 1302
399 1892
400 1195
400 1339
400 1497
400 1724
400 1781
403 1161
403 1935
404 1801
405 1592
409 1181
410 1984
411 1878
412 1329
413 1215
414 1432
416 1059
416 1182
420 1861
421 1139
421 1547
422 1736
423 1938
425 1375
427 1405
428 1581
428 1654
428 1957
432 1516
433 1494
434 1062
434 1889
435 1758
435 1772
436 1747
436 1773
440 1385
441 1470
443 1623
444 1038
444 1155
444 1236
444 1386
444 1468
444 1639
445 1817
446 1129
446 1662
447 1553
448 1185
448 1393
449 1184
451 1207
451 1278
452 1306
452 1761
456 1395
457 1491
458 1184
460 1480
460 1890
462 1159
462 1686
463 1298
467 1196
468 1263
468 1796
469 1575
471 1990
473 1193
473 1754
474 1411
474 1591
474 1883
475 1719
476 1535
476 1894
477 1573
481 1768
484 1113
485 1566
487 1691
488 1307
490 1323
490 1882
490 1958
491 1249
491 1277
492 1058
492 1372
495 1116
497 1535
497 1538
497 1652
497 1865
498 1297
498 1531
499 1743
500 1149
500 1630
502 1753
503 1128
504 1160
504 1224
504 1373
504 1418
504 1540
506 1453
506 1575
507 1482
508 1069
508 1115
509 1411
510 1150
514 1260
514 1702
515 1153
516 1669
516 1718
518 1643
518 1831
519 1595
521 1501
521 1635
523 1544
524 1072
527 1046
528 1729
528 1892
529 1964
530 1760
531 1530
531 1638
531 1732
533 1312
533 1366
534 1128
535 1846
537 1212
538 1545
538 1859
539 1131
539 1489
539 1566
540 1139
541 1426
542 1226
543 1459
543 1517
545 1097
545 1127
548 1310
549 1626
550 1050
553 1149
554 1480
556 1716
558 1786
559 1787
560 1287
560 1289
562 1872
563 1737
564 1367
565 1656
566 1608
568 1022
570 1336
570 1913
571 1437
571 1712
573 1804
575 1095
575 1129
575 1919
576 1304
577 1690
578 1668
578 1856
580 1278
582 1187
582 1363
584 1462
584 1668
585 1271
585 1606
585 1664
585 1713
586 1800
587 1201
589 1553
589 1813
591 1638
592 1193
593 1326
593 1345
594 1205
594 1253
594 1365
595 1435
597 1295
597 1409
597 1716
598 1320
599 1374
599 1842
599 1890
602 1510
604 1732
605 1390
606 1213
606 1483
606 1899
607 1777
607 1782
609 1864
610 1143
611 1048
611 1870
612 1100
612 1813
612 1924
613 1399
614 1027
614 1423
614 1903
615 1461
616 1988
619 1378
619 1727
620 1769
622 1404
622 1595
622 1792
623 1293
625 1729
631 1048
631 1572
633 1722
634 1821
635 1571
636 1685
638 1333
638 1647
638 1743
638 1923
639 1289
641 1137
643 1498
643 1557
643 1739
645 1467
645 1703
645 1893
646 1680
647 1907
648 1310
648 1806
649 1200
649 1236
651 1080
651 1175
652 1195
654 1270
654 1651
655 1323
655 1404
655 1633
656 1278
657 1328
658 1146
658 1923
659 1544
659 1944
660 1028
660 1649
661 1080
661 1441
661 1789
663 1424
663 1901
665 1235
665 1913
668 1086
669 1818
670 1281
671 1378
671 1537
671 1543
671 1546
671 1866
671 1874
672 1033
672 1765
672 1943
673 1334
674 1056
674 1433
675 1522
678 1141
680 1548
681 1741
683 1950
685 1334
685 1363
687 1448
689 1327
690 1064
692 1330
692 1571
693 1088
693 1911
695 1664
696 1370
697 1071
698 1205
698 1717
699 1424
699 1604
700 1435
700 1586
700 1639
701 1154
701 1891
703 1815
703 1869
704 1562
704 1920
705 1490
706 1594
709 1326
712 1135
712 1234
713 1594
715 1593
715 1711
717 1150
717 1629
718 1728
719 1389
719 1488
719 1601
720 1089
721 1254
721 1549
721 1566
722 1182
722 1797
723 1050
723 1121
725 1002
725 1098
725 1283
726 1839
728 1304
728 1998
729 1642
730 1285
731 1947
732 1702
733 1932
735 1921
737 1977
738 1478
741 1894
743 1044
744 1332
744 1431
744 1643
747 1810
747 1903
750 1014
750 1293
751 1998
752 1048
752 1249
753 1315
753 1910
754 1339
754 1611
754 1773
755 1302
755 1538
756 1335
756 1407
756 1418
757 1354
758 1078
759 1488
763 1063
764 1749
764 1827
766 1721
767 1266
768 1973
771 1299
771 1667
771 1786
773 1026
773 1784
774 1819
775 1123
776 1496
776 1742
777 1720
779 1543
780 1039
781 1976
784 1445
786 1369
786 1482
787 1498
788 1093
790 1534
790 1625
790 1920
791 1279
791 1322
792 1700
792 1776
794 1683
794 1957
795 1190
799 1697
800 1677
801 1375
801 1949
803 1182
803 1457
804 1852
805 1211
805 1596
805 1734
807 1313
808 1402
813 1781
815 1115
815 1474
816 1562
819 1485
819 1824
820 1164
820 1350
820 1518
822 1907
824 1827
824 1892
825 1279
826 1038
826 1362
827 1129
827 1396
828 1747
829 1386
830 1029
831 1381
831 1840
834 1713
836 1975
838 1904
839 1840
841 1316
841 1457
841 1546
841 1787
842 1985
843 1369
843 1437
845 1213
845 1306
848 1517
848 1688
849 1136
853 1798
853 1908
855 1050
856 1039
857 1359
858 1065
858 1071
858 1142
861 1526
861 1561
862 1865
862 1969
864 1451
866 1086
868 1258
868 1454
869 1164
871 1327
873 1273
873 1342
873 1601
874 1653
876 1393
878 1842
879 1106
883 1047
883 1403
883 1890
884 1074
884 1964
885 1196
886 1045
886 1960
887 1124
887 1130
887 1321
887 1333
890 1716
890 1728
892 1506
892 1690
893 1045
894 1648
894 1873
895 1305
895 1779
896 1250
897 1119
899 1119
900 1299
901 1090
901 1121
903 1793
904 1006
904 1135
907 1406
907 1712
908 1769
909 1958
911 1497
911 1893
911 1922
914 1014
914 1747
914 1827
915 1027
916 1034
916 1342
916 1379
916 1488
916 1611
916 1617
917 1254
918 1332
918 1820
919 1292
919 1767
921 1178
921 1615
924 1039
925 1815
929 1003
930 1918
931 1512
932 1261
932 1515
933 1914
935 1794
936 1212
937 1943
941 1083
943 1013
943 1342
943 1890
944 1229
946 1509
947 1219
953 1111
953 1676
954 1625
955 1604
955 1871
957 1281
957 1710
958 1013
958 1772
959 1785
960 1267
962 1586
962 1883
962 1890
963 1753
965 1737
968 1115
970 1231
970 1645
970 1895
971 1886
971 1944
972 1050
973 1649
973 1821
974 1642
975 1490
977 1276
978 1946
979 1495
980 1253
981 1595
982 1455
982 1860
982 1929
984 1106
984 1469
984 1822
985 1560
985 1946
986 1134
987 1662
988 1697
989 1239
990 1141
990 1913
992 1022
992 1648
995 1002
996 1826
997 1894