5062
1 1066
1 1108
1 1179
1 1400
1 1450
1 1483
1 1762
2 1018
2 1042
2 1367
2 1550
2 1880
3 1027
3 1033
3 1370
3 1394
3 1409
3 1908
3 1952
4 1089
4 1425
4 1927
4 1967
4 1971
5 1241
5 1548
5 1713
5 1849
6 1102
6 1189
6 1548
6 1584
6 1641
7 1139
7 1286
7 1943
8 1027
8 1095
8 1154
8 1311
9 1108
9 1188
9 1202
10 1136
10 1340
10 1358
10 1381
10 1549
10 1648
10 1702
10 1833
11 1068
11 1364
11 1394
11 1524
11 1554
11 1797
11 1844
12 1020
12 1125
12 1166
12 1684
13 1270
13 1374
13 1638
13 1764
13 1864
14 1120
14 1588
14 1667
14 1875
14 1933
15 1014
15 1075
15 1461
15 1510
15 1675
15 1816
15 1949
16 1078
16 1112
16 1456
16 1832
17 1139
17 1177
17 1271
17 1363
17 1891
17 1912
18 1049
18 1318
18 1387
18 1407
18 1902
19 1095
19 1179
19 1192
19 1839
19 1870
19 1912
19 1938
20 1096
20 1434
20 1530
20 1538
20 1764
21 1164
21 1205
21 1255
21 1521
21 1629
21 1913
22 1180
22 1327
22 1743
23 1068
23 1198
23 1282
23 1406
24 1432
25 1328
25 1548
25 1860
26 1267
26 1397
26 1650
26 1832
26 1841
27 1606
27 1821
27 1949
28 1289
28 1361
28 1373
28 1591
28 1680
28 1891
29 1007
29 1069
29 1082
29 1128
29 1397
29 1511
29 1783
29 1847
30 1249
30 1415
31 1058
31 1290
31 1292
31 1376
31 1557
31 1590
32 1022
32 1055
32 1236
32 1310
32 1551
32 1778
33 1349
33 1371
33 1492
33 1526
33 1654
34 1995
35 1101
35 1177
35 1721
36 1313
36 1440
36 1979
37 1027
37 1099
37 1115
37 1465
37 1471
37 1718
37 1823
37 1992
38 1864
38 1902
38 1954
39 1435
39 1441
39 1755
39 1838
40 1043
40 1070
40 1073
40 1105
40 1111
40 1400
40 1546
40 1578
40 1682
40 1767
40 1851
41 1461
41 1508
41 1615
41 1777
41 1930
42 1032
42 1089
42 1227
42 1744
42 1842
42 1850
42 1975
43 1061
43 1245
43 1434
43 1504
43 1544
43 1606
43 1797
43 1814
44 1196
44 1782
45 1008
45 1084
45 1693
45 1813
45 1953
46 1490
46 1688
47 1042
47 1836
48 1066
48 1210
48 1310
48 1318
48 1709
48 1800
49 1014
49 1060
49 1362
49 1490
49 1682
50 1431
50 1823
50 1873
51 1130
51 1295
51 1419
51 1492
51 1517
51 1760
51 1801
51 1860
51 1895
51 1954
52 1025
52 1244
52 1249
52 1320
52 1481
52 1781
52 1809
53 1496
53 1971
54 1050
54 1084
54 1510
54 1514
54 1528
54 1537
54 1849
54 1927
55 1104
55 1172
55 1227
55 1270
55 1273
55 1394
55 1594
55 1717
55 1729
55 1807
55 1886
56 1052
56 1167
56 1249
56 1280
56 1339
56 1360
56 1733
57 1529
57 1652
57 1840
57 1940
58 1113
58 1948
59 1369
60 1213
60 1260
60 1275
60 1284
60 1433
60 1559
60 1571
60 1625
60 1681
60 1959
61 1195
61 1200
61 1684
61 1952
61 1985
62 1004
62 1066
62 1161
62 1168
62 1266
62 1396
62 1479
63 1051
63 1505
63 1708
63 1905
63 1938
64 1044
64 1404
64 1650
64 1721
64 1724
64 1748
64 1835
65 1003
65 1224
65 1459
65 1471
65 1666
66 1184
66 1419
66 1602
66 1755
66 1781
66 1872
66 1874
66 1992
67 1158
67 1320
67 1348
67 1353
67 1396
67 1936
68 1342
68 1387
68 1455
68 1461
68 1474
68 1534
68 1696
68 1970
69 1157
69 1562
69 1618
69 1713
69 1912
70 1247
70 1298
70 1353
70 1536
70 1606
71 1001
71 1630
71 1705
71 1744
72 1148
72 1577
73 1007
73 1181
73 1243
73 1463
73 1715
74 1069
74 1142
74 1187
74 1268
74 1728
74 1739
74 1758
75 1558
75 1682
75 1697
75 1876
75 1892
75 1912
76 1038
76 1152
76 1232
76 1924
77 1060
77 1320
77 1495
77 1549
77 1758
77 1762
77 1773
77 1818
77 1957
78 1113
78 1639
79 1020
79 1085
79 1140
79 1568
80 1403
80 1519
80 1535
80 1721
81 1339
81 1675
81 1676
82 1079
82 1181
82 1624
82 1871
83 1051
83 1067
83 1390
83 1435
83 1841
84 1135
84 1215
84 1310
84 1798
85 1232
85 1237
85 1848
85 1975
86 1137
86 1319
86 1394
86 1757
87 1210
87 1333
87 1335
87 1410
88 1263
88 1389
88 1534
88 1681
89 1059
89 1126
89 1603
89 1712
89 1774
89 1873
89 1877
89 1956
90 1144
90 1154
90 1493
90 1526
90 1780
90 1953
91 1076
91 1219
91 1245
91 1287
91 1452
91 1780
91 1826
91 1872
91 1932
92 1100
92 1261
92 1388
92 1941
92 1985
93 1151
93 1663
94 1197
94 1284
94 1294
94 1376
94 1951
95 1517
95 1660
95 1744
95 1838
95 1905
96 1662
96 1897
97 1002
97 1107
97 1849
98 1248
98 1327
98 1354
98 1373
98 1416
98 1438
98 1573
98 1729
98 1859
98 1869
98 1919
98 1931
98 1967
99 1001
99 1018
99 1356
99 1759
99 1779
100 1386
100 1504
100 1705
100 1871
101 1120
101 1159
101 1394
101 1536
101 1553
101 1822
102 1137
102 1279
102 1285
102 1493
102 1778
102 1828
102 1964
103 1900
103 1937
104 1174
104 1246
104 1258
104 1827
104 1879
105 1247
105 1770
105 1967
106 1267
106 1407
106 1854
107 1056
107 1095
107 1313
107 1333
107 1396
107 1427
107 1541
107 1697
107 1801
107 1874
108 1091
108 1219
108 1221
108 1620
108 1742
108 1803
109 1385
109 1702
109 1721
109 1983
110 1282
110 1845
111 1079
111 1136
111 1415
111 1462
112 1040
112 1475
112 1547
112 1692
112 1747
112 1752
112 1771
112 1936
113 1354
114 1210
114 1350
114 1613
114 1706
114 1722
114 1863
114 1909
115 1114
115 1383
115 1815
116 1094
116 1379
116 1830
116 1992
117 1369
117 1518
117 1673
117 1716
117 1807
117 1924
118 1132
118 1683
118 1720
119 1385
119 1394
119 1566
119 1577
119 1682
119 1728
120 1035
120 1080
120 1264
120 1339
120 1486
120 1674
120 1847
120 1893
121 1095
121 1259
121 1453
121 1793
122 1102
122 1274
122 1280
122 1310
122 1507
122 1802
122 1810
123 1226
123 1233
124 1293
124 1305
124 1308
124 1583
124 1725
124 1829
124 1924
125 1102
125 1106
125 1137
125 1152
125 1302
125 1680
125 1683
125 1773
126 1034
126 1108
126 1284
126 1303
126 1477
126 1734
127 1284
127 1309
127 1968
128 1218
128 1368
128 1406
128 1692
128 1779
129 1159
129 1221
129 1246
129 1540
129 1722
129 1805
130 1035
130 1161
130 1224
130 1354
130 1927
131 1157
131 1197
131 1409
131 1462
131 1568
131 1823
132 1094
132 1152
132 1268
132 1522
132 1978
133 1184
133 1386
133 1461
133 1491
134 1121
134 1786
135 1191
135 1254
135 1255
135 1910
136 1093
136 1272
136 1323
136 1584
136 1703
137 1228
137 1303
137 1551
137 1586
137 1708
137 1758
137 1874
137 1986
138 1107
138 1454
138 1538
138 1542
138 1550
138 1740
138 1884
139 1210
139 1218
139 1379
139 1536
139 1557
139 1791
139 1838
139 1874
140 1177
140 1868
140 1974
141 1307
141 1861
141 1890
142 1029
142 1275
142 1327
142 1386
142 1717
142 1921
143 1037
143 1158
143 1641
143 1654
143 1916
143 1941
143 1956
144 1012
144 1260
144 1490
144 1570
144 1646
144 1662
145 1293
145 1349
145 1448
145 1952
145 1994
146 1027
146 1172
146 1512
146 1807
147 1215
147 1407
147 1494
147 1727
147 1765
147 1950
147 1953
148 1496
148 1699
148 1891
148 1914
149 1143
149 1267
149 1530
150 1514
150 1542
150 1736
151 1011
151 1312
151 1485
151 1660
151 1707
152 1029
152 1155
153 1022
153 1047
153 1596
154 1158
154 1434
154 1481
154 1767
155 1451
155 1798
155 1934
156 1454
156 1466
156 1553
156 1559
156 1585
156 1591
156 1728
156 1825
156 1837
156 1985
157 1178
157 1750
157 1829
158 1168
158 1341
158 1548
158 1738
158 1913
158 1925
159 1487
159 1590
159 1899
159 1996
160 1361
160 1449
160 1511
160 1743
160 1907
161 1084
161 1155
161 1239
161 1259
161 1515
161 1547
161 1559
162 1200
162 1616
162 1828
162 1836
162 1991
163 1247
163 1411
163 1637
163 1642
163 1662
163 1922
164 1125
164 1253
164 1266
164 1304
164 1380
164 1578
164 1592
164 1747
165 1369
166 1545
166 1624
166 1676
166 1796
166 1878
167 1136
167 1601
167 1710
167 1719
168 1396
168 1564
168 1654
168 1964
169 1113
169 1191
169 1210
169 1496
169 1852
170 1071
170 1217
170 1338
170 1484
170 1560
170 1617
170 1782
170 1816
170 1989
171 1357
171 1474
171 1936
171 1993
172 1242
172 1250
172 1261
172 1338
172 1371
172 1460
172 1872
172 1959
172 1969
173 1023
173 1044
173 1267
173 1342
173 1574
173 1974
174 1556
174 1689
175 1013
175 1072
175 1267
175 1420
175 1455
175 1730
175 1762
175 1840
175 1934
176 1154
176 1227
176 1305
176 1827
177 1276
177 1629
177 1676
177 1741
177 1766
177 1769
177 1935
178 1148
178 1403
178 1419
178 1916
179 1091
179 1134
179 1168
179 1203
179 1482
179 1491
179 1581
179 1614
179 1650
179 1814
180 1639
181 1190
181 1379
181 1809
182 1203
182 1276
182 1368
182 1383
182 1603
182 1848
183 1469
183 1475
183 1566
183 1594
183 1608
183 1797
184 1735
184 1826
184 1923
185 1326
185 1730
185 1758
186 1163
186 1286
186 1418
186 1451
186 1755
186 1826
187 1075
187 1394
187 1564
187 1641
187 1774
187 1848
187 1860
187 1946
188 1296
188 1488
189 1136
189 1241
189 1648
190 1085
190 1739
190 1916
191 1360
191 1406
191 1452
191 1600
191 1646
191 1962
192 1165
192 1596
192 1716
192 1791
193 1512
194 1222
194 1756
194 1763
194 1886
195 1163
195 1261
195 1369
195 1451
195 1922
196 1088
196 1126
196 1163
196 1285
196 1886
197 1338
197 1466
197 1602
197 1901
198 1138
198 1184
198 1210
198 1276
198 1619
199 1292
199 1497
199 1616
200 1076
200 1241
200 1260
200 1375
200 1376
200 1532
200 1551
200 1600
200 1902
201 1447
201 1601
201 1897
201 1908
201 1996
202 1058
202 1364
203 1631
203 1899
203 1910
204 1100
204 1283
204 1505
204 1663
204 1915
204 1978
205 1150
205 1199
205 1220
205 1332
205 1605
205 1657
205 1798
205 1971
205 1975
206 1390
206 1587
207 1017
207 1951
208 1027
208 1030
208 1058
208 1113
208 1528
208 1539
208 1994
209 1466
209 1680
209 1799
210 1001
210 1177
210 1313
210 1320
210 1548
210 1831
211 1308
211 1412
211 1556
211 1611
211 1826
211 1942
212 1061
212 1169
212 1305
212 1329
212 1575
212 1815
212 1968
213 1314
213 1491
213 1762
213 1985
214 1074
214 1588
214 1686
214 1996
215 1124
215 1249
215 1376
215 1564
215 1743
215 1745
215 1993
216 1224
216 1610
216 1646
217 1350
217 1838
217 1840
218 1022
218 1110
218 1191
218 1287
218 1410
218 1669
218 1720
218 1874
218 1884
219 1190
219 1264
219 1422
219 1595
220 1507
220 1511
220 1703
220 1754
221 1683
221 1805
221 1827
221 1932
222 1186
222 1197
222 1519
222 1663
222 1959
222 1990
223 1080
223 1184
223 1293
223 1415
223 1444
223 1472
223 1918
223 1953
224 1113
224 1176
224 1548
224 1581
224 1913
224 1953
225 1400
225 1404
225 1812
226 1225
226 1374
226 1523
226 1842
227 1045
227 1904
228 1164
228 1282
228 1538
228 1935
229 1422
229 1426
229 1496
229 1549
229 1690
229 1695
230 1740
230 1816
231 1281
231 1486
231 1556
231 1636
231 1801
231 1962
232 1085
232 1150
232 1155
232 1506
232 1719
232 1720
232 1918
232 1928
233 1143
233 1331
233 1358
233 1410
234 1212
234 1558
234 1608
234 1964
235 1059
235 1167
235 1299
235 1411
235 1852
235 1900
236 1192
236 1460
236 1519
236 1901
236 1926
237 1015
237 1404
237 1464
237 1516
238 1653
238 1957
239 1162
239 1476
239 1769
239 1871
239 1998
240 1256
240 1310
240 1412
240 1531
240 1649
240 1653
240 1703
240 1821
240 1871
241 1426
241 1517
241 1702
241 1738
241 1877
241 1927
241 1959
242 1254
242 1469
242 1615
242 1962
243 1103
243 1133
243 1332
243 1622
243 1874
244 1299
244 1416
244 1517
244 1559
245 1610
245 1773
245 1987
246 1001
246 1124
246 1365
247 1205
247 1239
247 1253
247 1590
247 1808
247 1917
248 1633
248 1863
248 1989
249 1004
249 1160
249 1198
249 1593
249 1785
250 1239
250 1865
251 1137
251 1854
252 1024
252 1203
252 1701
252 1790
253 1176
253 1429
253 1495
253 1520
253 1680
253 1911
253 1941
254 1057
254 1301
254 1352
254 1445
254 1671
254 1977
254 1992
255 1136
255 1579
255 1728
255 1769
255 1933
255 1935
255 1971
256 1077
256 1279
256 1676
257 1092
257 1316
257 1831
257 1961
258 1192
258 1197
258 1409
258 1411
258 1415
259 1777
259 1895
260 1029
260 1130
260 1230
260 1335
260 1499
260 1519
260 1520
260 1627
260 1866
261 1248
261 1353
261 1533
261 1591
261 1651
261 1795
262 1249
262 1524
262 1559
262 1943
263 1088
263 1293
263 1994
264 1165
264 1231
264 1715
265 1010
265 1069
265 1214
265 1426
265 1466
265 1532
265 1567
265 1588
266 1295
266 1374
266 1590
267 1275
267 1451
268 1083
268 1225
268 1246
268 1412
268 1872
268 1977
269 1361
269 1866
270 1141
270 1221
270 1285
270 1489
270 1536
270 1738
270 1753
270 1919
270 1996
271 1167
271 1408
271 1639
271 1787
271 1797
272 1165
272 1314
272 1461
272 1632
273 1009
273 1100
273 1187
273 1570
273 1593
273 1741
273 1759
273 1860
273 1967
274 1054
274 1111
274 1438
274 1466
274 1580
274 1926
275 1172
275 1264
275 1302
275 1325
275 1530
275 1560
275 1793
275 1922
276 1056
276 1175
276 1194
276 1257
276 1299
276 1380
276 1501
276 1519
276 1935
276 1943
277 1051
277 1220
277 1225
277 1308
277 1503
277 1545
277 1674
277 1708
278 1362
278 1368
278 1388
278 1443
278 1615
278 1810
279 1004
279 1101
279 1147
279 1197
279 1274
279 1343
279 1396
279 1422
279 1460
279 1947
280 1075
280 1141
280 1174
280 1369
280 1406
280 1571
280 1665
280 1933
280 1968
281 1709
281 1928
282 1048
282 1352
282 1384
282 1936
283 1674
283 1934
284 1194
284 1569
284 1776
284 1996
285 1285
285 1473
285 1701
285 1756
285 1846
285 1953
285 1972
286 1067
286 1165
286 1465
286 1495
286 1696
286 1805
287 1026
287 1095
287 1186
287 1265
287 1294
287 1429
288 1601
288 1761
288 1916
289 1025
289 1030
289 1509
289 1572
289 1651
289 1690
289 1850
289 1943
291 1005
291 1227
291 1242
291 1341
291 1457
291 1547
291 1897
291 1946
292 1054
292 1261
292 1267
292 1882
292 1898
292 1920
293 1068
293 1600
293 1623
293 1704
293 1986
294 1001
294 1010
294 1120
294 1154
294 1373
294 1393
294 1456
294 1481
294 1546
294 1658
294 1895
294 1909
295 1050
295 1335
295 1572
295 1588
296 1111
296 1166
296 1290
296 1332
296 1343
296 1401
296 1448
296 1623
297 1012
297 1321
297 1436
297 1549
297 1673
297 1704
297 1786
297 1874
298 1079
298 1139
298 1470
298 1646
298 1751
298 1836
298 1853
298 1991
299 1502
299 1634
299 1674
299 1748
299 1908
299 1950
300 1053
300 1189
300 1206
300 1408
300 1433
300 1528
300 1606
300 1748
300 1901
301 1068
301 1168
301 1170
301 1751
301 1795
301 1905
301 1989
302 1378
302 1399
302 1873
302 1969
302 1976
303 1326
303 1359
303 1634
303 1665
303 1829
303 1932
303 1952
304 1024
304 1143
304 1280
304 1392
304 1887
304 1998
305 1244
305 1333
305 1370
305 1451
305 1476
305 1535
305 1665
305 1985
306 1304
306 1497
306 1504
306 1624
306 1653
306 1874
306 1972
307 1136
307 1695
307 1918
307 1921
308 1017
308 1303
309 1082
309 1187
309 1370
310 1009
310 1044
310 1128
310 1141
310 1279
310 1701
310 1926
311 1063
311 1194
311 1323
311 1503
311 1623
311 1876
311 1919
311 1935
311 1969
312 1251
312 1293
312 1328
312 1347
312 1376
312 1663
312 1717
313 1222
313 1552
313 1766
313 1786
313 1816
313 1841
313 1890
314 1130
314 1194
314 1316
314 1764
314 1816
314 1936
315 1549
315 1712
315 1942
316 1277
316 1508
316 1674
316 1788
317 1450
317 1508
317 1566
317 1739
317 1800
317 1925
317 1940
318 1096
318 1230
318 1256
318 1288
318 1440
318 1604
318 1932
319 1127
319 1148
319 1454
319 1575
320 1069
320 1169
320 1255
320 1384
320 1933
320 1951
320 1993
321 1158
321 1277
321 1322
321 1662
321 1896
322 1420
322 1459
322 1532
322 1562
322 1797
323 1036
323 1096
323 1727
323 1879
323 1970
324 1149
324 1427
324 1757
324 1762
325 1168
325 1221
325 1630
325 1646
325 1688
325 1931
326 1008
326 1090
326 1201
326 1226
326 1564
326 1607
327 1048
327 1050
327 1122
327 1216
327 1654
327 1828
327 1877
328 1177
328 1268
329 1328
329 1478
329 1588
329 1610
330 1227
330 1488
330 1908
331 1098
331 1125
331 1154
331 1412
331 2000
332 1060
332 1354
332 1390
332 1435
332 1567
332 1617
332 1897
333 1083
333 1363
333 1403
333 1491
333 1587
334 1045
334 1175
334 1388
334 1452
334 1791
335 1369
335 1385
335 1427
335 1469
335 1523
335 1783
335 1822
335 1922
336 1373
336 1613
336 1709
337 1137
337 1638
337 1746
337 1827
337 1965
338 1137
338 1197
338 1556
338 1562
338 1580
339 1061
339 1211
339 1553
339 1570
339 1584
339 1764
339 1906
339 1943
340 1004
340 1095
340 1113
340 1208
340 1633
340 1842
340 1973
341 1769
341 1873
341 1891
342 1232
342 1482
342 1611
342 1670
342 1701
342 1781
342 1848
343 1198
343 1719
343 1756
343 1823
343 1869
343 1976
343 1995
344 1714
345 1025
345 1162
346 1115
346 1118
346 1133
346 1686
346 1729
346 1742
346 1766
347 1125
347 1185
347 1275
347 1608
347 1754
348 1135
348 1803
349 1187
349 1216
349 1415
349 1433
349 1578
349 1642
349 1789
349 1833
350 1014
350 1089
350 1303
350 1763
350 1964
351 1058
351 1152
352 1218
352 1240
352 1449
352 1471
352 1711
353 1038
353 1094
353 1105
353 1280
353 1322
353 1421
354 1001
354 1093
354 1299
354 1469
354 1590
356 1431
356 1934
357 1289
357 1783
358 1233
358 1285
359 1806
360 1096
360 1162
360 1845
361 1037
361 1710
361 1761
361 1872
362 1372
362 1396
362 1438
363 1034
363 1178
363 1505
363 1654
364 1146
364 1280
364 1719
364 1770
364 1797
364 1829
365 1362
365 1401
365 1523
365 1619
365 1647
365 1710
366 1050
366 1690
366 1830
366 1883
366 1944
366 1964
367 1427
367 1841
367 1984
368 1039
368 1328
368 1352
368 1398
368 1853
368 1875
369 1194
369 1270
369 1463
369 1496
369 1651
369 1679
369 1722
369 1795
370 1099
370 1656
370 1934
371 1010
371 1040
371 1293
371 1346
371 1676
371 1942
372 1564
372 1750
373 1108
373 1141
373 1180
373 1544
373 1594
373 1763
373 1851
374 1277
374 1420
374 1787
375 1130
375 1165
375 1194
375 1214
375 1353
375 1446
375 1543
375 1819
376 1036
376 1037
376 1213
376 1517
377 1023
377 1252
377 1735
377 1744
377 1964
378 1001
378 1383
378 1428
378 1866
379 1013
379 1341
379 1444
379 1523
379 1542
379 1880
380 1007
380 1215
380 1225
380 1276
380 1461
380 1504
381 1213
381 1228
381 1566
381 1732
382 1186
382 1198
382 1671
383 1163
383 1295
383 1843
383 1925
383 1943
384 1039
384 1073
384 1412
385 1032
385 1078
385 1138
385 1146
385 1537
385 1694
385 1970
386 1123
386 1276
386 1427
386 1598
386 1979
387 1226
387 1311
387 1816
388 1213
389 1049
389 1319
389 1650
390 1238
390 1611
390 1701
390 1892
391 1563
391 1732
392 1045
392 1083
392 1230
392 1272
392 1468
392 1512
392 1630
392 1822
393 1062
393 1132
393 1274
393 1332
393 1364
393 1378
394 1236
394 1559
394 1681
395 1565
396 1195
396 1342
396 1570
396 1891
397 1299
397 1913
398 1051
398 1116
398 1232
398 1573
398 1828
399 1223
399 1550
399 1891
400 1263
400 1312
400 1459
400 1584
400 1608
400 1873
400 1895
401 1278
401 1559
401 1588
401 1591
401 1865
401 1981
402 1136
402 1222
402 1229
402 1280
402 1343
402 1626
402 1694
403 1096
403 1373
403 1375
403 1628
403 1639
403 1658
403 1903
404 1126
404 1150
404 1225
404 1348
404 1470
404 1474
404 1801
405 1195
405 1240
405 1268
405 1302
405 1627
405 1713
405 1934
406 1174
406 1224
406 1255
406 1609
406 1817
406 2000
407 1199
407 1333
407 1356
407 1636
408 1036
408 1142
408 1307
408 1380
408 1457
408 1470
408 1506
408 1796
408 1892
409 1027
409 1556
409 1631
409 1798
409 1944
409 1999
410 1084
410 1454
410 1519
410 1936
410 1988
410 1993
411 1120
411 1426
411 1645
411 1764
412 1127
412 1255
412 1446
412 1464
412 1475
412 1485
412 1651
412 1721
412 1736
412 1770
412 1975
413 1071
413 1154
413 1281
413 1915
414 1348
414 1517
414 1801
414 1949
414 1991
415 1110
415 1251
415 1539
415 1833
415 1900
415 1902
415 1911
416 1177
416 1288
416 1310
416 1348
417 1237
417 1287
417 1369
417 1382
417 1533
417 1722
418 1034
418 1105
418 1236
418 1432
418 1495
418 1854
418 1878
419 1217
419 1853
419 1939
420 1147
420 1403
420 1430
420 1465
420 1525
420 1834
421 1378
421 1650
421 1716
422 1039
422 1242
422 1320
422 1395
422 1692
423 1061
423 1206
423 1355
423 1638
423 1713
423 1754
423 1811
423 1880
423 1924
424 1230
424 1401
424 1479
424 1942
424 1994
425 1187
425 1258
425 1277
425 1343
425 1394
425 1995
426 1331
426 1891
427 1078
427 1093
427 1108
427 1127
427 1208
427 1240
427 1865
428 1202
428 1231
428 1250
428 1328
428 1629
428 1793
428 1836
429 1179
429 1400
429 1648
429 1772
430 1147
430 1348
430 1350
430 1416
430 1619
430 1854
431 1706
431 1820
431 1930
432 1113
432 1369
432 1500
432 1528
432 1606
433 1067
433 1087
433 1209
434 1035
434 1149
434 1240
434 1262
434 1377
434 1503
434 1559
434 1761
434 1775
434 1918
435 1204
435 1562
435 1655
435 1730
436 1174
436 1256
436 1412
436 1554
436 1776
436 1895
436 1916
436 1983
437 1040
437 1173
437 1251
437 1683
437 1798
437 1947
438 1238
438 1574
439 1463
439 1540
439 1586
439 1733
439 1988
440 1433
440 1487
440 1589
440 1632
440 1655
440 1743
441 1577
441 1700
441 1992
441 1993
442 1245
442 1352
442 1372
442 1552
442 1816
443 1076
443 1240
443 1257
443 1789
443 1991
444 1099
444 1251
444 1637
444 1960
445 1051
445 1226
445 1267
445 1285
445 1340
445 1389
445 1523
445 1939
446 1646
447 1058
447 1076
447 1165
447 1327
447 1442
447 1555
447 1991
448 1143
448 1423
448 1460
448 1498
448 1585
448 1690
448 1875
449 1158
449 1165
449 1266
449 1297
449 1330
450 1301
450 1319
450 1673
450 1792
450 1888
451 1304
452 1035
452 1202
452 1735
452 1777
452 1968
453 1571
453 1682
454 1186
454 1391
454 1550
454 1773
455 1066
455 1164
455 1217
455 1317
455 1471
455 1511
456 1042
456 1370
456 1403
456 1449
456 1718
456 1828
456 1905
457 1051
457 1501
457 1713
457 1782
457 1855
457 1951
458 1361
458 1602
458 1690
458 1959
459 1028
459 1378
459 1489
459 1647
459 1765
459 1771
459 1972
460 1099
460 1120
460 1172
460 1996
461 1357
461 1532
461 1568
461 1757
461 1774
461 1822
461 1904
462 1680
462 1767
462 1861
463 1072
463 1259
463 1397
463 1959
464 1679
464 1708
464 1738
464 1846
465 1140
465 1171
465 1714
465 1919
465 1924
466 1094
466 1180
466 1182
466 1388
466 1506
466 1699
467 1126
467 1470
467 1523
468 1119
468 1171
468 1293
468 1659
468 1720
468 1842
469 1209
469 1232
469 1457
469 1502
469 1740
469 1881
469 1927
470 1006
470 1606
470 1842
471 1401
471 1427
471 1559
471 1587
472 1596
472 1893
473 1010
473 1188
473 1418
473 1511
473 1711
474 1045
474 1160
474 1257
474 1347
474 1458
474 1535
475 1354
475 1392
476 1444
476 1690
476 1729
476 2000
477 1131
477 1146
477 1152
477 1205
477 1271
477 1284
477 1299
477 1432
477 1594
477 1761
477 1986
478 1079
478 1084
478 1153
478 1399
478 1595
478 1770
478 1988
479 1399
479 1460
479 1466
479 1678
479 1917
480 1019
480 1214
480 1439
480 1447
480 1480
480 1515
480 1546
480 1665
480 1871
481 1006
481 1077
481 1267
482 1005
482 1097
482 1111
482 1420
482 1499
482 1521
482 1774
482 1809
483 1239
483 1395
483 1541
483 1705
483 1719
483 1746
483 1972
483 1993
484 1073
484 1182
484 1953
485 1077
485 1632
485 1696
485 1890
485 1949
486 1059
486 1379
486 1511
486 1735
487 1061
487 1291
487 1369
487 1634
487 1649
487 1705
487 1708
487 1752
488 1154
488 1481
488 1571
488 1712
488 1983
489 1240
489 1270
489 1382
489 1441
489 1449
489 1845
489 1876
489 1906
490 1019
490 1425
490 1594
490 1855
491 1027
491 1446
491 1476
491 1777
491 1922
492 1272
492 1429
492 1832
492 1927
493 1116
493 1216
493 1652
493 1673
493 1750
493 1798
493 1860
493 1950
494 1090
494 1174
494 1186
494 1600
494 1819
495 1159
495 1296
495 1472
495 1527
495 1529
495 1795
495 1966
496 1464
496 1573
496 1603
496 1706
496 1829
496 1905
496 1924
497 1230
497 1340
497 1497
497 1568
497 1599
498 1134
498 1259
498 1262
498 1266
498 1694
498 1944
498 1985
499 1014
499 1727
499 1802
500 1109
500 1133
500 1185
500 1334
500 1616
500 1788
500 1824
500 1850
500 1870
500 1971
501 1133
501 1134
501 1175
501 1244
501 1481
501 1680
502 1064
502 1182
502 1338
502 1347
502 1377
502 1489
502 1724
502 1743
502 1777
503 1080
503 1082
504 1068
504 1603
504 1675
504 1933
504 1993
505 1092
506 1780
507 1056
507 1103
507 1332
507 1438
507 1469
507 1870
508 1057
508 1188
508 1397
508 1760
508 1904
509 1185
509 1339
509 1617
509 1743
509 1747
510 1147
510 1195
510 1225
510 1766
510 1940
511 1187
511 1221
511 1347
511 1411
511 1732
512 1583
512 1729
512 1987
513 1086
513 1552
513 1646
513 1693
513 1779
513 1857
513 1958
514 1021
514 1080
514 1291
514 1337
514 1524
514 1768
514 1958
515 1003
515 1010
515 1037
515 1269
515 1778
515 1914
515 1966
516 1736
517 1024
517 1085
518 1040
518 1357
518 1383
518 1484
518 1570
518 1798
519 1418
519 1463
519 1496
519 1528
520 1040
520 1307
520 1411
520 1554
520 1638
520 1847
520 1937
520 1944
521 1348
521 1425
521 1546
522 1094
522 1748
522 1860
523 1370
523 1480
523 1630
524 1329
524 1680
524 1954
525 1112
525 1520
525 1628
525 1629
525 1696
525 1720
525 1874
525 1974
525 1986
526 1146
526 1811
526 1835
527 1213
527 1438
527 1466
527 1522
527 1739
527 1802
527 1853
527 1978
528 1093
528 1283
528 1293
528 1529
528 1660
529 1023
529 1183
529 1241
529 1523
530 1019
530 1038
530 1125
530 1703
530 1841
531 1158
531 1659
531 1861
531 1973
532 1106
532 1372
532 1592
532 1841
532 1844
532 1921
533 1070
533 1232
533 1235
533 1343
533 1403
533 1766
533 1840
533 1882
534 1153
534 1170
534 1983
535 1435
535 1485
535 1643
535 1659
535 1726
535 1919
535 1961
535 1999
536 1060
536 1489
537 1102
537 1619
537 1762
538 1197
538 1198
538 1356
538 1468
538 1585
538 1722
538 1791
539 1022
539 1409
539 1600
539 1617
539 1759
540 1010
540 1068
540 1463
540 1752
540 1868
540 1921
540 1927
540 1985
541 1254
541 1263
541 1713
541 1828
542 1085
542 1422
542 1452
542 1496
542 1509
542 1771
543 1160
543 1246
543 1255
543 1864
543 1902
544 1079
544 1227
544 1295
544 1386
545 1071
545 1154
545 1377
545 1435
545 1757
545 1910
546 1049
546 1466
546 1602
546 1777
547 1028
547 1283
547 1304
547 1655
547 1764
548 1367
548 1559
548 1853
548 1948
549 1023
549 1051
549 1085
549 1718
550 1120
550 1209
550 1291
550 1445
550 1699
550 1961
551 1022
551 1050
551 1095
551 1171
551 1224
551 1834
552 1096
552 1511
552 1773
553 1218
553 1269
553 1310
553 1323
553 1573
553 1625
553 1776
554 1073
554 1342
554 1395
554 1736
555 1359
555 1401
555 1946
555 1967
556 1477
557 1040
557 1115
557 1128
557 1152
557 1157
557 1164
557 1315
557 1506
557 1719
557 1848
557 1956
558 1028
558 1809
558 1852
558 1903
558 1917
558 1997
559 1204
559 1605
559 1619
559 1673
559 1863
560 1225
560 1448
560 1523
560 1807
560 1992
561 1209
561 1337
561 1347
561 1596
561 1863
561 1945
562 1192
563 1272
563 1511
564 1353
564 1912
564 1932
565 1016
565 1087
565 1113
565 1261
565 1693
566 1076
566 1222
566 1523
566 1748
567 1059
567 1494
567 1856
568 1310
568 1363
568 1599
568 1628
568 1679
568 1787
569 1378
569 1652
569 1788
569 1799
569 1915
569 1961
570 1174
570 1476
570 1582
570 1903
571 1089
571 1141
571 1219
571 1317
571 1786
572 1088
572 1310
572 1680
572 1927
573 1200
573 1410
573 1429
574 1018
574 1476
574 1705
574 1966
575 1166
575 1674
575 1885
576 1088
576 1108
576 1442
576 1506
576 1642
577 1372
577 1653
578 1745
579 1039
579 1394
579 1553
579 1726
579 1759
579 1778
579 1813
579 1897
579 1902
580 1288
580 1416
580 1436
580 1649
580 1908
581 1350
581 1628
581 1697
581 1723
581 1870
581 1934
582 1445
582 1493
583 1028
583 1164
583 1271
583 1293
583 1539
584 1167
584 1510
584 1641
585 1211
585 1330
585 1410
585 1550
585 1745
585 1807
585 1812
586 1350
586 1416
586 1591
586 1804
587 1001
587 1134
587 1406
587 1603
587 1631
587 1653
588 1200
588 1202
588 1433
588 1529
588 1642
588 1718
588 1767
588 1818
589 1043
589 1265
589 1333
589 1419
589 1537
589 1562
589 1567
589 1660
589 1936
589 1952
590 1025
590 1326
590 1517
590 1744
590 1899
591 1044
591 1220
591 1223
591 1293
591 1304
591 1491
591 1531
591 1684
592 1393
592 1466
592 1839
593 1048
593 1113
593 1126
593 1150
593 1268
593 1444
593 1682
593 1750
593 1957
594 1843
594 1844
594 1888
594 1939
594 1942
595 1332
595 1551
595 1757
595 1815
596 1161
596 1723
597 1056
597 1555
597 1816
597 1868
597 1957
598 1294
598 1540
598 1788
599 1184
599 1436
599 1548
599 1634
599 1673
599 1826
600 1818
601 1160
601 1458
601 1660
601 1958
602 1096
602 1333
602 1341
602 1473
602 1577
603 1457
603 1804
604 1166
604 1705
604 1719
604 1732
604 1785
604 1892
605 1400
605 1816
605 1976
605 2000
606 1143
606 1176
607 1091
607 1310
607 1316
607 1353
607 1476
607 1721
607 1735
608 1063
608 1117
608 1264
608 1480
608 1525
608 1527
608 1528
608 1628
608 1646
608 1786
608 1818
609 1050
609 1449
609 1866
609 1868
609 1873
610 1334
610 1999
611 1274
611 1319
611 1500
611 1633
611 1672
611 1728
611 1760
611 1870
612 1411
612 1432
612 1787
612 1959
613 1113
613 1137
613 1572
613 1716
614 1099
614 1233
614 1303
614 1373
614 1440
614 1750
615 1056
615 1115
615 1580
615 1829
615 1840
615 1842
616 1094
616 1306
616 1739
616 1886
616 1920
617 1369
617 1423
617 1519
617 1629
617 1851
617 1956
617 1986
618 1092
618 1577
618 1771
619 1285
619 1657
619 1704
619 1765
620 1214
620 1354
620 1372
620 1500
620 1706
621 1032
621 1190
621 1736
621 1875
621 1881
621 1932
622 1078
622 1269
622 1297
622 1428
622 1464
622 1796
622 1851
623 1211
623 1861
624 1013
624 1890
625 1005
625 1635
625 1786
625 1861
626 1419
626 1801
627 1047
627 1064
627 1078
627 1108
627 1262
627 1516
627 1729
627 1874
627 1972
628 1109
628 1148
628 1381
628 1451
628 1570
628 1713
628 1824
628 1991
629 1132
629 1226
629 1463
629 1514
629 1810
629 1861
629 1957
630 1007
630 1276
630 1387
630 1562
630 1952
631 1142
631 1409
631 1590
631 1605
632 1019
632 1113
632 1508
632 1617
633 1028
633 1047
633 1149
633 1177
633 1796
633 1904
634 1115
634 1127
634 1223
634 1429
635 1613
635 1872
635 1956
636 1352
636 1370
636 1637
636 1799
636 1900
637 1233
637 1413
637 1988
638 1445
638 1573
638 1637
639 1124
639 1652
640 1037
640 1074
640 1082
640 1502
640 1671
640 1697
640 1720
640 1746
641 1277
641 1330
641 1351
641 1437
641 1491
641 1757
641 1834
642 1245
642 1719
642 1740
642 1768
643 1348
643 1616
643 1793
643 1893
643 1898
644 1009
644 1107
644 1179
644 1192
644 1204
644 1288
644 1384
644 1502
644 1725
644 1781
644 1868
645 1044
645 1340
645 1406
645 1430
645 1569
645 1630
645 1645
645 1726
646 1143
646 1259
646 1349
646 1465
646 1798
646 1947
647 1033
647 1132
647 1198
647 1320
647 1618
647 1635
647 1747
647 1802
647 1807
647 1894
648 1083
648 1102
648 1269
648 1295
648 1316
648 1445
649 1453
649 1997
650 1044
650 1195
650 1331
650 1387
650 1499
650 1660
650 1752
650 1954
650 1978
651 1547
651 1689
651 1841
651 1894
651 1932
652 1219
652 1623
652 1635
652 1734
652 1739
653 1071
653 1137
653 1941
654 1056
654 1080
654 1370
654 1943
655 1055
655 1301
655 1389
655 1484
655 1545
655 1751
656 1264
656 1882
657 1157
657 1221
657 1367
657 1432
657 1548
657 1671
657 1838
658 1120
658 1167
658 1285
658 1320
658 1455
658 1547
658 1647
659 1087
659 1999
660 1032
660 1307
660 1336
660 1509
660 1638
660 1816
661 1046
661 1273
661 1405
661 1748
661 1998
662 1171
662 1309
662 1313
662 1324
662 1579
662 1818
663 1001
663 1421
663 1492
663 1665
663 1794
664 1136
664 1210
664 1243
664 1371
664 1386
664 1390
664 1404
664 1669
664 1741
665 1025
665 1203
665 1340
665 1461
665 1675
665 1687
665 1739
666 1105
666 1554
666 1653
666 1697
666 1736
666 1754
666 1805
666 1904
667 1133
667 1223
667 1310
667 1482
667 1636
668 1110
668 1396
668 1756
668 1774
668 1835
669 1005
669 1474
669 1568
669 1688
669 1964
670 1041
670 1069
670 1246
670 1844
671 1269
672 1061
672 1069
672 1170
672 1232
672 1370
672 1548
672 1748
673 1004
673 1365
673 1372
673 1893
674 1106
674 1267
674 1528
674 1879
674 1942
675 1249
675 1677
675 1904
676 1053
676 1074
676 1144
676 1155
676 1390
676 1651
677 1267
677 1348
677 1646
678 1034
678 1164
678 1202
678 1339
678 1770
678 1970
679 1155
679 1786
680 1260
680 1334
680 1365
680 1839
681 1491
681 1605
681 1820
682 1119
682 1156
682 1223
682 1674
682 1698
682 1731
682 1951
683 1145
683 1253
684 1086
684 1124
684 1500
684 1975
685 1479
685 1678
686 1154
686 1284
686 1304
686 1516
686 1874
686 1979
687 1337
687 1693
687 1909
687 1943
688 1551
688 1592
688 1927
689 1046
689 1049
689 1151
689 1200
689 1425
689 1651
689 1872
689 1948
690 1099
690 1102
690 1552
690 1626
690 1976
691 1160
691 1669
691 1735
692 1226
692 1299
692 1577
692 1635
692 1754
692 1933
693 1651
694 1161
694 1218
694 1298
694 1348
694 1415
694 1971
695 1040
695 1301
695 1549
695 1842
696 1348
696 1926
696 1952
697 1055
697 1076
697 1107
697 1167
697 1659
697 1712
697 1852
697 1912
698 1123
698 1278
698 1304
698 1419
698 1831
698 1895
698 1936
699 1168
699 1258
699 1277
699 1417
699 1547
699 1695
700 1154
700 1729
700 1808
700 1852
700 1879
700 1943
701 1742
702 1338
702 1754
702 1903
703 1645
703 1778
703 1806
704 1037
704 1110
704 1437
705 1411
705 1476
705 1711
705 1755
705 1844
705 1897
706 1023
706 1330
706 1512
706 1578
706 1819
706 1990
707 1100
707 1156
707 1522
707 1686
708 1253
708 1537
708 1634
708 1719
709 1032
709 1111
709 1917
710 1051
710 1083
710 1122
710 1338
710 1450
711 1013
711 1575
711 1611
711 1761
712 1214
712 1509
712 1511
712 1542
713 1108
713 1218
713 1259
713 1449
714 1123
714 1168
714 1627
714 1903
714 1907
715 1132
715 1387
715 1667
715 1669
716 1542
717 1411
717 1684
717 1849
718 1055
718 1309
718 1480
718 1760
718 1810
719 1023
719 1266
719 1362
719 1388
719 1466
719 1564
720 1066
720 1388
720 1537
720 1591
720 1798
721 1392
721 1489
721 1821
721 2000
722 1019
722 1098
722 1104
722 1459
722 1508
722 1687
722 1794
723 1122
723 1141
723 1357
723 1493
723 1842
723 1845
724 1210
724 1602
724 1927
724 1974
725 1080
725 1188
725 1189
725 1541
725 1715
725 1756
726 1112
726 1137
726 1152
726 1182
726 1220
726 1417
726 1968
727 1088
727 1217
727 1261
727 1439
727 1445
727 1568
727 1577
727 1729
727 1743
727 1879
728 1036
728 1666
728 1824
728 1851
728 1866
728 1881
729 1139
729 1451
729 1528
729 1766
729 1782
729 1835
729 1929
730 1119
730 1151
730 1449
730 1740
731 1075
731 1128
731 1160
731 1217
731 1360
731 1796
731 1847
731 1984
732 1119
732 1170
732 1550
732 1955
733 1002
733 1072
733 1143
733 1258
733 1459
733 1596
733 1642
733 1840
734 1134
734 1659
734 1762
734 1814
735 1345
735 1461
735 1499
735 1592
735 1732
735 1972
736 1465
736 1490
736 1818
736 1822
736 1872
737 1246
737 1392
737 1407
737 1466
738 1242
738 1356
738 1518
738 1569
739 1104
739 1127
739 1132
739 1305
739 1698
739 1750
739 1829
740 1463
740 1474
740 1661
741 1006
741 1058
741 1086
741 1137
741 1172
741 1241
741 1270
741 1273
741 1647
741 1655
741 1710
741 1727
741 1845
741 1929
742 1433
742 1474
742 1484
742 1588
742 1860
743 1432
743 1684
743 1866
744 1251
744 1334
744 1794
745 1072
745 1254
745 1279
745 1345
745 1346
745 1493
745 1495
745 1508
746 1051
746 1077
746 1400
746 1413
746 1926
746 1958
747 1297
747 1420
747 1758
747 1845
747 1946
747 1962
748 1025
748 1119
748 1219
748 1399
748 1691
748 1765
748 1937
749 1015
749 1326
749 1391
750 1447
750 1634
750 1665
751 1326
751 1437
751 1658
751 1663
752 1069
752 1156
752 1167
752 1301
752 1342
752 1346
752 1813
753 1454
753 1457
753 1689
753 1762
754 1354
754 1711
754 1837
755 1028
755 1181
755 1196
755 1323
755 1495
755 1708
755 1811
755 1854
756 1079
756 1136
756 1400
757 1022
757 1216
757 1350
757 1383
757 1639
757 1666
757 1783
757 1878
757 1970
758 1116
758 1402
758 1652
759 1343
760 1252
760 1468
760 1623
760 1879
760 1971
760 1981
760 1992
761 1169
761 1467
761 1505
761 1561
761 1961
762 1112
762 1185
762 1295
762 1374
762 1877
762 1954
763 1817
764 1160
764 1440
764 1475
764 1671
764 1807
764 1978
764 1984
765 1069
765 1512
765 1922
766 1180
766 1186
766 1295
766 1659
767 1163
767 1391
767 1569
767 1977
768 1054
768 1093
768 1168
768 1324
768 1751
769 1475
769 1887
770 1150
770 1261
770 1315
770 1420
770 1538
770 1701
770 1792
770 1886
770 1996
771 1045
771 1083
771 1173
771 1548
771 1561
771 1571
771 1796
771 1800
772 1428
772 1491
772 1523
772 1578
772 1660
772 1868
772 1925
772 1974
773 1200
773 1210
773 1261
773 1425
773 1660
774 1114
774 1149
774 1220
774 1250
774 1339
774 1531
774 1688
774 1867
775 1016
775 1063
775 1315
775 1532
775 1643
775 1731
775 1749
776 1738
776 1822
777 1020
777 1140
777 1465
777 1507
777 1816
777 1846
777 1898
777 1947
778 1057
778 1375
779 1277
779 1423
779 1834
779 1885
779 1965
780 1104
780 1389
780 1422
780 1608
780 1668
780 1745
781 1062
781 1324
781 1360
781 1697
781 1804
782 1083
782 1090
782 1224
782 1368
782 1877
783 1222
783 1262
783 1694
784 1049
784 1300
784 1331
784 1366
785 1091
785 1357
785 1526
785 1578
785 1790
786 1046
786 1223
786 1301
786 1756
786 1901
786 1932
787 1358
787 1419
787 1524
787 1660
787 1855
788 1542
788 1680
788 1743
788 1874
789 1092
789 1109
789 1147
789 1177
789 1248
789 1434
790 1363
790 1485
790 1930
790 1973
791 1109
791 1358
791 1519
791 1626
791 1629
791 1637
792 1089
792 1352
792 1382
792 1791
793 1204
793 1348
793 1899
794 1139
794 1228
794 1733
794 1755
794 1879
794 1926
795 1314
795 1508
795 1561
795 1973
796 1171
796 1431
796 1530
796 1840
797 1344
797 1441
797 1512
797 1722
797 1724
798 1103
798 1347
798 1732
798 1948
798 2000
799 1020
799 1028
799 1444
799 1767
799 1795
800 1218
800 1313
800 1361
800 1743
800 1775
800 1783
801 1554
801 1556
801 1632
801 1822
802 1106
802 1250
802 1279
802 1289
802 1295
802 1317
802 1534
802 1794
803 1021
803 1161
803 1306
803 1361
803 1498
804 1081
804 1196
804 1499
804 1558
804 1666
804 1687
804 1896
804 1914
804 1916
804 1947
804 1976
805 1332
805 1468
806 1138
806 1171
806 1288
806 1768
806 1833
807 1897
808 1161
808 1163
808 1309
808 1477
808 1556
808 1561
808 1750
808 1907
809 1016
809 1216
809 1289
809 1347
809 1402
809 1428
809 1614
809 1687
809 1692
809 1719
809 1846
810 1084
810 1117
810 1666
811 1016
811 1592
812 1123
812 1125
812 1321
812 1648
812 1670
813 1199
813 1327
813 1618
813 1869
814 1005
814 1036
814 1205
814 1299
814 1365
815 1066
815 1119
815 1258
815 1467
815 1495
815 1784
815 1868
815 1889
816 1467
816 1559
816 1654
816 1842
816 1908
816 1953
817 1344
817 1727
817 1990
818 1203
818 1214
818 1271
818 1626
818 1667
818 1674
818 1676
818 1739
818 1790
818 1960
819 1784
820 1395
820 1527
820 1783
820 1794
821 1045
821 1086
821 1404
821 1429
821 1437
821 1448
821 1634
821 1653
821 1737
821 1742
821 1933
822 1132
822 1785
822 1912
823 1231
823 1457
823 1734
823 1831
824 1011
824 1070
824 1118
824 1234
824 1253
824 1435
824 1740
825 1945
826 1346
826 1414
826 1671
826 1850
826 1856
826 1998
827 1151
827 1185
827 1535
827 1797
827 1819
827 1856
828 1036
828 1926
829 1184
829 1613
829 1642
830 1085
830 1135
830 1762
831 1356
831 1607
831 1630
831 1902
831 1951
832 1324
832 1572
832 1967
833 1091
833 1344
833 1659
834 1040
834 1334
834 1349
834 1395
834 1766
835 1137
835 1386
835 1435
835 1917
835 1928
836 1033
836 1153
837 1028
837 1231
837 1487
837 1758
837 1867
837 1885
838 1086
838 1304
838 1341
838 1541
838 1996
839 1144
839 1770
840 1249
840 1414
840 1649
840 1818
840 1907
841 1069
841 1356
842 1356
842 1584
842 1758
843 1239
843 1269
843 1274
843 1472
843 1616
843 1902
844 1311
844 1372
844 1611
844 1664
844 1714
844 1772
844 1891
844 1943
845 1168
845 1218
845 1275
845 1394
845 1851
845 1893
845 1926
846 1481
846 1668
846 1741
847 1343
847 1383
847 1477
847 1892
848 1203
848 1211
848 1220
848 1636
848 1661
848 1746
849 1160
849 1544
849 1580
849 1720
850 1569
850 1629
850 1666
850 1683
850 1754
850 1796
850 1799
850 1928
851 1140
851 1316
851 1357
851 1608
852 1078
852 1170
852 1249
852 1459
852 1538
852 1557
852 1672
852 1929
853 1072
853 1113
853 1174
853 1241
853 1294
853 1514
854 1062
854 1195
854 1484
854 1704
854 1740
854 1823
855 1129
855 1149
855 1401
855 1653
856 1169
856 1198
856 1262
856 1321
856 1393
856 1659
856 1860
857 1119
857 1249
857 1283
857 1378
857 1516
857 1558
857 1560
857 1939
857 1960
858 1068
858 1070
858 1239
858 1345
858 1442
858 1885
859 1213
859 1503
859 1522
859 1524
859 1530
859 1549
859 1624
859 1839
859 1841
859 1987
860 1675
860 1822
860 1993
861 1423
861 1778
861 1817
861 1910
862 1079
862 1264
862 1387
862 1592
862 1690
862 1738
862 1923
863 1245
863 1347
863 1348
863 1363
863 1629
863 1838
863 1966
863 1985
864 1071
864 1449
864 1618
864 1783
864 1830
865 1290
865 1664
865 1799
865 1844
866 1259
866 1459
866 1493
866 1897
866 1898
867 1270
867 1785
867 1868
867 1961
867 1998
868 1650
868 1742
868 1963
869 1109
869 1210
869 1637
869 1811
869 1976
869 1980
870 1034
870 1509
870 1900
871 1761
871 1836
871 1877
872 1086
872 1339
872 1348
872 1451
872 1768
872 1778
872 1913
873 1309
873 1488
873 1495
873 1633
873 1846
873 1894
874 1283
874 1415
875 1189
875 1418
875 1515
875 1566
875 1927
876 1202
876 1488
876 1521
876 1533
877 1355
877 1687
878 1897
879 1220
879 1711
880 1181
880 1208
880 1595
880 1714
880 1756
880 1934
881 1018
881 1129
881 1451
881 1470
881 1486
881 1494
881 1554
881 1615
881 1861
882 1003
882 1029
882 1158
882 1449
882 1861
882 1906
883 1028
883 1302
883 1573
883 1689
884 1229
884 1289
884 1434
884 1645
884 1928
884 1993
885 1041
885 1663
885 1762
885 1783
885 1798
885 1918
886 1152
886 1539
887 1053
887 1325
887 1431
887 1609
887 1664
887 1686
887 1727
887 1756
887 1838
888 1284
888 1343
888 1787
888 1924
889 1182
889 1375
889 1491
889 1554
889 1596
889 1617
890 1213
890 1258
890 1298
890 1911
891 1395
891 1407
891 1917
892 1379
892 1429
892 1839
892 1959
893 1130
893 1201
893 1291
893 1515
893 1660
893 1703
893 1779
894 1059
894 1234
894 1476
894 1527
895 1076
895 1151
895 1576
895 1591
895 1742
895 1919
895 1999
896 1098
896 1239
896 1708
896 1714
896 1743
896 1762
896 1844
896 1998
897 1213
897 1307
897 1717
897 1962
898 1211
898 1338
898 1351
898 1506
898 1532
898 1918
898 1929
898 1975
899 1107
899 1164
899 1618
899 1668
899 1726
899 1935
899 1994
900 1311
900 1765
900 1807
901 1143
901 1174
901 1340
901 1529
901 1608
901 1682
902 1341
902 1545
902 1905
902 1965
903 1501
903 1574
903 1754
904 1649
904 1766
904 1911
904 1987
905 1075
905 1105
905 1261
905 1337
905 1819
905 1855
906 1067
906 1496
906 1501
906 1608
906 1940
906 1944
906 1976
907 1196
907 1626
907 1843
907 1905
908 1122
908 1323
908 1726
908 1856
909 1002
909 1058
909 1584
909 1607
910 1221
910 1313
910 1521
910 1588
910 1723
910 1896
911 1054
911 1077
911 1106
911 1611
911 1705
912 1208
912 1657
912 1682
913 1230
913 1285
913 1623
913 1659
913 1877
914 1007
914 1105
914 1471
914 1818
915 1380
915 1421
915 1502
915 1506
915 1756
916 1007
916 1196
916 1202
916 1217
916 1817
917 1187
917 1340
917 1525
917 1909
918 1210
918 1247
918 1272
918 1652
918 1777
918 1794
918 1906
919 1105
919 1150
919 1332
919 1695
919 1800
920 1107
920 1373
920 1490
920 1510
920 1602
920 1725
920 1892
920 1925
921 1295
921 1590
921 1634
922 1172
922 1259
922 1281
922 1352
923 1206
923 1217
923 1270
923 1399
923 1410
923 1509
923 1710
924 1051
924 1098
924 1226
924 1392
924 1470
924 1553
925 1194
925 1246
925 1322
925 1334
925 1427
925 1632
926 1076
926 1213
926 1240
926 1253
926 1533
926 1668
926 1793
927 1489
927 1525
927 1704
927 1914
928 1093
928 1409
928 1551
928 1882
929 1116
929 1298
929 1572
929 1862
929 1877
929 1883
929 1926
930 1272
930 1626
931 1082
931 1378
931 1548
931 1575
932 1403
932 1499
932 1534
932 1545
932 1754
932 1876
932 1928
933 1070
933 1151
933 1691
933 1837
935 1151
935 1440
935 1570
935 1692
935 1943
936 1207
936 1568
936 1676
937 1523
937 1949
938 1085
938 1151
938 1690
938 1771
938 1975
939 1898
940 1063
940 1375
940 1706
940 1739
940 1838
941 1066
941 1088
941 1097
941 1251
941 1252
941 1377
941 1546
941 1588
941 1857
942 1765
942 1937
943 1207
943 1575
943 1860
944 1014
944 1047
944 1086
944 1576
944 1731
945 1004
945 1388
945 1831
946 1005
946 1162
946 1240
946 1808
946 1919
947 1447
947 1507
947 1749
948 1316
948 1487
948 1494
948 1715
949 1498
949 1533
949 1665
950 1026
950 1579
950 1633
951 1159
951 1625
951 1648
951 1853
951 1988
952 1246
952 1934
952 1994
953 1044
953 1213
953 1235
953 1358
953 1447
953 1569
953 1681
953 1792
954 1059
954 1209
954 1357
954 1371
954 1564
954 1613
954 1744
954 1748
954 1776
954 1856
954 1927
954 1993
955 1003
955 1071
955 1424
955 1428
955 1866
956 1038
956 1288
956 1338
956 1375
956 1388
956 1719
956 1726
956 1976
957 1007
957 1186
957 1359
957 1868
957 1985
958 1664
958 1688
959 1293
959 1313
959 1415
959 1454
959 1461
959 1675
959 1730
959 1941
960 1216
960 1228
960 1755
960 1903
960 1990
961 1045
961 1069
961 1247
961 1540
961 1878
961 1927
962 1078
962 1387
962 1516
962 1579
962 1698
962 1950
962 1982
963 1170
963 1272
963 1652
963 1699
963 1941
964 1003
964 1432
964 1475
964 1511
964 1524
964 1542
964 1633
964 1674
965 1044
965 1280
965 1339
965 1494
965 1556
965 1620
965 1692
965 1784
966 1034
966 1048
966 1119
966 1265
966 1414
966 1867
966 1981
967 1073
967 1085
967 1642
967 1706
967 1751
967 1829
967 1848
967 1860
968 1027
968 1223
968 1586
968 1691
969 1468
969 1916
970 1398
970 1684
970 1989
971 1327
971 1357
971 1386
971 1514
972 1040
972 1106
972 1133
972 1186
972 1273
972 1285
972 1517
972 1525
972 1579
972 1648
972 1978
973 1064
973 1244
973 1317
973 1713
973 1737
973 1842
974 1016
974 1035
974 1054
974 1241
974 1531
974 1658
974 1669
974 1707
974 1743
974 1780
974 1835
974 1878
975 1065
975 1355
975 1658
975 1679
975 1900
975 1923
976 1032
976 1370
976 1505
976 1507
976 1677
976 1896
977 1256
977 1257
977 1351
977 1573
977 1950
978 1125
978 1250
978 1485
978 1617
978 1647
979 1368
979 1551
979 1774
979 1841
979 1864
980 1201
980 1692
981 1315
981 1679
982 1014
982 1381
982 1554
982 1829
982 1836
982 1844
982 1960
982 1992
983 1051
983 1274
983 1384
983 1486
983 1731
983 1822
984 1222
984 1381
984 1558
984 1647
984 1690
984 1776
984 1792
985 1181
985 1695
985 1700
985 1764
985 1916
985 1980
986 1090
986 1232
986 1568
986 1659
986 1782
986 1929
987 1095
987 1152
987 1240
987 1564
987 1971
987 1974
988 1274
988 1311
988 1381
988 1529
988 1562
988 1857
989 1055
989 1076
989 1197
989 1820
989 1853
990 1048
990 1087
990 1187
990 1406
990 1474
990 1499
990 1707
990 1732
991 1073
991 1301
991 1339
991 1483
991 1570
992 1126
992 1547
992 1687
992 1891
992 1916
992 1977
993 1093
993 1169
993 1246
993 1591
993 1684
993 1973
994 1005
994 1114
994 1240
994 1345
994 1392
994 1624
994 1971
995 1076
995 1295
995 1338
995 1586
995 1596
995 1955
996 1481
996 1593
996 1673
996 1826
997 1167
997 1337
997 1393
997 1600
997 1760
997 1974
998 1017
998 1271
998 1363
998 1490
998 1859
998 1954
999 1052
999 1264
999 1400
999 1792
999 1842
1000 1030
1000 1106
1000 1227
1000 1308
1000 1423
1000 1541
1000 1713
1000 1967