6665
1 101
1 103
1 105
1 107
1 109
1 110
1 111
1 112
1 113
1 114
1 115
1 116
1 117
1 118
1 120
1 123
1 124
1 125
1 127
1 128
1 129
1 130
1 133
1 135
1 137
1 140
1 141
1 143
1 144
1 146
1 147
1 148
1 149
1 151
1 152
1 153
1 156
1 157
1 159
1 160
1 161
1 163
1 164
1 166
1 167
1 169
1 170
1 171
1 173
1 174
1 175
1 176
1 183
1 184
1 186
1 188
1 189
1 190
1 191
1 192
1 196
1 197
1 200
1 201
1 202
1 203
1 204
1 205
1 206
1 207
1 208
1 209
2 101
2 102
2 103
2 105
2 106
2 107
2 108
2 110
2 111
2 113
2 114
2 115
2 116
2 118
2 119
2 120
2 121
2 122
2 123
2 124
2 125
2 126
2 127
2 128
2 129
2 130
2 131
2 132
2 133
2 136
2 138
2 140
2 143
2 144
2 145
2 146
2 147
2 148
2 151
2 152
2 154
2 155
2 156
2 157
2 158
2 161
2 165
2 166
2 168
2 172
2 174
2 175
2 177
2 178
2 179
2 180
2 181
2 184
2 185
2 186
2 187
2 188
2 189
2 190
2 191
2 195
2 196
2 198
2 199
2 204
2 205
2 206
2 207
2 208
3 102
3 103
3 105
3 110
3 111
3 112
3 113
3 116
3 117
3 118
3 119
3 120
3 122
3 123
3 128
3 129
3 133
3 134
3 138
3 143
3 145
3 146
3 147
3 148
3 149
3 150
3 154
3 155
3 156
3 157
3 159
3 160
3 161
3 162
3 163
3 164
3 165
3 166
3 168
3 169
3 170
3 171
3 172
3 173
3 174
3 175
3 178
3 179
3 180
3 185
3 187
3 188
3 189
3 190
3 191
3 193
3 195
3 196
3 202
3 203
3 204
3 207
3 210
3 211
4 102
4 103
4 104
4 106
4 107
4 108
4 110
4 111
4 112
4 113
4 114
4 117
4 118
4 121
4 122
4 123
4 124
4 126
4 130
4 131
4 132
4 133
4 135
4 136
4 139
4 140
4 145
4 146
4 148
4 151
4 155
4 156
4 157
4 158
4 159
4 163
4 164
4 166
4 167
4 168
4 169
4 170
4 171
4 173
4 175
4 176
4 177
4 178
4 179
4 180
4 181
4 184
4 185
4 186
4 187
4 188
4 189
4 191
4 194
4 195
4 197
4 199
4 200
4 201
4 203
4 207
4 208
4 209
4 210
4 211
5 101
5 102
5 103
5 106
5 109
5 110
5 112
5 114
5 115
5 116
5 117
5 118
5 121
5 122
5 125
5 127
5 128
5 134
5 135
5 136
5 137
5 139
5 140
5 141
5 143
5 144
5 145
5 147
5 148
5 149
5 150
5 151
5 152
5 153
5 154
5 155
5 156
5 159
5 160
5 161
5 162
5 163
5 165
5 166
5 167
5 168
5 174
5 175
5 178
5 181
5 182
5 185
5 186
5 187
5 190
5 191
5 192
5 195
5 196
5 197
5 198
5 199
5 201
5 205
5 211
6 103
6 104
6 105
6 106
6 107
6 108
6 109
6 110
6 111
6 113
6 117
6 118
6 119
6 121
6 124
6 125
6 127
6 128
6 129
6 130
6 132
6 133
6 135
6 136
6 137
6 138
6 140
6 141
6 143
6 144
6 145
6 146
6 147
6 149
6 151
6 152
6 153
6 155
6 156
6 158
6 159
6 160
6 161
6 162
6 165
6 168
6 169
6 170
6 178
6 179
6 180
6 181
6 183
6 184
6 185
6 186
6 187
6 188
6 189
6 191
6 192
6 195
6 196
6 197
6 201
6 202
6 205
6 206
6 208
6 209
6 210
7 102
7 103
7 104
7 105
7 106
7 109
7 110
7 111
7 116
7 117
7 118
7 119
7 123
7 125
7 126
7 130
7 131
7 134
7 136
7 137
7 141
7 142
7 143
7 144
7 146
7 147
7 150
7 151
7 152
7 153
7 154
7 159
7 160
7 161
7 162
7 163
7 164
7 165
7 167
7 170
7 171
7 173
7 177
7 181
7 182
7 184
7 186
7 188
7 189
7 190
7 191
7 192
7 193
7 195
7 196
7 197
7 198
7 199
7 200
7 202
7 203
7 205
7 208
7 209
7 210
7 211
7 212
8 101
8 102
8 105
8 107
8 108
8 110
8 111
8 112
8 121
8 122
8 123
8 124
8 125
8 126
8 127
8 129
8 131
8 132
8 133
8 137
8 141
8 142
8 144
8 145
8 146
8 147
8 149
8 151
8 153
8 154
8 155
8 156
8 157
8 162
8 166
8 168
8 172
8 173
8 174
8 175
8 176
8 177
8 180
8 181
8 182
8 183
8 184
8 187
8 188
8 189
8 194
8 197
8 198
8 201
8 202
8 203
9 102
9 104
9 107
9 110
9 111
9 112
9 114
9 116
9 117
9 120
9 121
9 122
9 124
9 125
9 126
9 127
9 131
9 132
9 134
9 137
9 138
9 139
9 140
9 142
9 143
9 145
9 147
9 148
9 152
9 153
9 155
9 156
9 161
9 162
9 163
9 164
9 165
9 166
9 167
9 168
9 169
9 170
9 172
9 174
9 175
9 176
9 177
9 178
9 179
9 180
9 181
9 182
9 183
9 185
9 186
9 187
9 188
9 189
9 190
9 192
9 193
9 194
9 195
9 196
9 198
9 199
9 201
9 202
9 203
9 204
9 206
9 207
9 209
9 210
10 101
10 104
10 108
10 109
10 110
10 111
10 112
10 114
10 115
10 116
10 119
10 120
10 123
10 124
10 127
10 130
10 131
10 133
10 134
10 135
10 136
10 138
10 139
10 141
10 144
10 145
10 148
10 149
10 150
10 152
10 153
10 154
10 155
10 156
10 161
10 162
10 166
10 167
10 168
10 170
10 171
10 174
10 175
10 176
10 177
10 178
10 179
10 180
10 183
10 184
10 186
10 188
10 190
10 192
10 196
10 197
10 199
10 200
10 201
10 202
10 204
10 206
10 207
10 208
10 209
10 211
10 212
11 102
11 103
11 105
11 106
11 107
11 108
11 109
11 110
11 111
11 114
11 115
11 116
11 118
11 121
11 122
11 123
11 125
11 128
11 130
11 136
11 137
11 138
11 140
11 141
11 142
11 143
11 146
11 147
11 148
11 149
11 150
11 152
11 154
11 155
11 157
11 160
11 163
11 164
11 165
11 166
11 167
11 169
11 172
11 173
11 176
11 177
11 178
11 179
11 182
11 184
11 185
11 186
11 187
11 188
11 190
11 194
11 195
11 196
11 198
11 200
11 201
11 202
11 203
11 205
11 206
11 207
11 208
11 209
11 210
11 211
11 212
12 101
12 105
12 110
12 112
12 113
12 114
12 115
12 120
12 121
12 123
12 125
12 129
12 130
12 131
12 132
12 133
12 134
12 137
12 138
12 140
12 141
12 144
12 145
12 146
12 148
12 150
12 151
12 154
12 155
12 157
12 158
12 159
12 160
12 161
12 162
12 163
12 164
12 168
12 171
12 173
12 174
12 175
12 176
12 181
12 182
12 184
12 185
12 186
12 188
12 189
12 190
12 191
12 192
12 193
12 195
12 198
12 199
12 200
12 201
12 204
12 205
12 206
12 207
12 208
12 209
12 211
13 101
13 103
13 106
13 109
13 114
13 118
13 119
13 121
13 123
13 125
13 126
13 127
13 128
13 129
13 130
13 132
13 134
13 135
13 136
13 137
13 138
13 139
13 140
13 144
13 145
13 146
13 148
13 152
13 153
13 158
13 159
13 160
13 161
13 166
13 167
13 168
13 170
13 171
13 173
13 175
13 176
13 177
13 178
13 181
13 182
13 183
13 185
13 186
13 187
13 191
13 193
13 194
13 195
13 198
13 200
13 201
13 202
13 203
13 205
13 208
13 210
13 211
14 103
14 104
14 105
14 106
14 107
14 108
14 109
14 110
14 112
14 114
14 115
14 120
14 122
14 124
14 125
14 127
14 129
14 130
14 132
14 134
14 135
14 136
14 139
14 140
14 142
14 143
14 144
14 149
14 151
14 154
14 155
14 156
14 157
14 159
14 160
14 161
14 162
14 163
14 164
14 165
14 166
14 169
14 170
14 171
14 173
14 174
14 176
14 177
14 179
14 180
14 182
14 186
14 187
14 188
14 190
14 191
14 194
14 195
14 198
14 199
14 200
14 206
14 207
14 209
14 211
15 103
15 104
15 105
15 106
15 108
15 109
15 110
15 114
15 115
15 118
15 119
15 120
15 121
15 122
15 123
15 124
15 127
15 130
15 131
15 135
15 136
15 137
15 140
15 141
15 142
15 145
15 146
15 148
15 149
15 150
15 152
15 153
15 154
15 155
15 156
15 157
15 158
15 161
15 167
15 169
15 173
15 176
15 177
15 178
15 179
15 180
15 183
15 186
15 187
15 188
15 191
15 192
15 195
15 200
15 201
15 202
15 206
15 208
15 209
15 211
15 212
16 102
16 104
16 105
16 106
16 107
16 108
16 109
16 112
16 117
16 120
16 121
16 131
16 132
16 134
16 137
16 138
16 141
16 143
16 145
16 147
16 148
16 149
16 154
16 155
16 160
16 161
16 163
16 164
16 165
16 166
16 168
16 169
16 170
16 171
16 173
16 175
16 176
16 177
16 179
16 181
16 182
16 183
16 186
16 187
16 189
16 191
16 192
16 193
16 195
16 197
16 198
16 200
16 202
16 204
16 206
16 207
16 210
16 211
16 212
17 101
17 102
17 103
17 105
17 106
17 108
17 110
17 111
17 116
17 119
17 121
17 122
17 123
17 124
17 125
17 126
17 127
17 131
17 133
17 134
17 135
17 136
17 137
17 139
17 145
17 146
17 147
17 153
17 154
17 155
17 158
17 159
17 160
17 161
17 162
17 163
17 164
17 167
17 168
17 170
17 171
17 173
17 176
17 177
17 180
17 181
17 184
17 186
17 187
17 190
17 191
17 193
17 194
17 195
17 196
17 198
17 199
17 201
17 203
17 204
17 205
17 208
17 212
18 101
18 102
18 104
18 105
18 108
18 111
18 114
18 116
18 118
18 119
18 121
18 122
18 123
18 125
18 129
18 130
18 131
18 133
18 137
18 138
18 139
18 140
18 145
18 148
18 149
18 150
18 151
18 153
18 154
18 156
18 157
18 158
18 160
18 161
18 164
18 165
18 167
18 170
18 171
18 173
18 174
18 177
18 178
18 179
18 181
18 182
18 183
18 184
18 185
18 186
18 189
18 191
18 192
18 193
18 194
18 195
18 197
18 198
18 199
18 200
18 201
18 202
18 203
18 204
18 205
18 206
18 207
18 208
18 212
19 101
19 104
19 105
19 106
19 107
19 109
19 110
19 115
19 117
19 119
19 120
19 122
19 124
19 125
19 126
19 128
19 129
19 130
19 133
19 134
19 135
19 137
19 139
19 141
19 144
19 147
19 148
19 149
19 150
19 151
19 152
19 153
19 154
19 157
19 161
19 163
19 165
19 166
19 167
19 168
19 175
19 177
19 178
19 180
19 182
19 184
19 186
19 187
19 188
19 189
19 191
19 192
19 195
19 196
19 199
19 201
19 202
19 204
19 205
19 206
19 207
19 208
19 210
19 211
19 212
20 102
20 104
20 105
20 106
20 108
20 109
20 111
20 114
20 115
20 119
20 121
20 126
20 127
20 128
20 129
20 130
20 131
20 133
20 135
20 136
20 137
20 138
20 140
20 141
20 142
20 145
20 146
20 147
20 148
20 150
20 152
20 153
20 156
20 157
20 159
20 162
20 163
20 164
20 166
20 169
20 170
20 171
20 173
20 174
20 175
20 176
20 177
20 178
20 180
20 181
20 182
20 185
20 186
20 187
20 188
20 190
20 192
20 193
20 195
20 197
20 200
20 201
20 205
20 206
20 208
20 209
20 210
20 211
20 212
21 101
21 102
21 103
21 104
21 105
21 106
21 108
21 109
21 110
21 111
21 112
21 113
21 114
21 115
21 116
21 117
21 118
21 119
21 121
21 122
21 124
21 125
21 127
21 128
21 129
21 131
21 133
21 134
21 135
21 137
21 139
21 142
21 144
21 146
21 147
21 148
21 149
21 150
21 152
21 153
21 154
21 155
21 156
21 157
21 158
21 159
21 166
21 168
21 170
21 173
21 174
21 177
21 178
21 180
21 181
21 182
21 183
21 186
21 187
21 192
21 193
21 194
21 198
21 201
21 203
21 205
21 206
21 208
21 209
21 210
21 212
22 102
22 103
22 107
22 110
22 111
22 112
22 114
22 115
22 116
22 118
22 121
22 122
22 125
22 126
22 128
22 130
22 131
22 132
22 133
22 135
22 136
22 139
22 140
22 141
22 145
22 146
22 149
22 151
22 152
22 153
22 154
22 156
22 158
22 159
22 160
22 162
22 163
22 164
22 165
22 168
22 169
22 172
22 173
22 175
22 176
22 177
22 179
22 181
22 182
22 183
22 184
22 185
22 186
22 187
22 190
22 191
22 195
22 197
22 198
22 204
22 205
22 206
22 210
22 211
22 212
23 101
23 103
23 104
23 105
23 107
23 111
23 113
23 115
23 118
23 120
23 122
23 124
23 126
23 127
23 128
23 131
23 132
23 133
23 134
23 135
23 136
23 137
23 140
23 141
23 142
23 146
23 147
23 148
23 150
23 151
23 154
23 155
23 157
23 158
23 161
23 164
23 165
23 166
23 168
23 171
23 172
23 173
23 174
23 175
23 177
23 178
23 180
23 181
23 183
23 184
23 186
23 189
23 192
23 193
23 195
23 197
23 199
23 200
23 202
23 203
23 205
23 206
23 209
23 212
24 102
24 108
24 109
24 113
24 116
24 118
24 122
24 124
24 125
24 126
24 128
24 129
24 130
24 133
24 134
24 137
24 138
24 141
24 143
24 146
24 148
24 152
24 153
24 156
24 162
24 163
24 164
24 166
24 167
24 169
24 170
24 173
24 175
24 176
24 181
24 182
24 183
24 185
24 186
24 187
24 188
24 192
24 194
24 197
24 203
24 206
24 211
24 212
25 101
25 102
25 103
25 105
25 109
25 110
25 112
25 113
25 114
25 115
25 116
25 117
25 118
25 119
25 120
25 121
25 122
25 124
25 125
25 127
25 129
25 130
25 131
25 133
25 134
25 135
25 138
25 140
25 143
25 148
25 150
25 151
25 152
25 153
25 155
25 157
25 160
25 162
25 163
25 164
25 165
25 166
25 170
25 171
25 172
25 173
25 174
25 175
25 183
25 184
25 185
25 187
25 189
25 190
25 192
25 193
25 194
25 196
25 197
25 200
25 202
25 203
25 207
25 208
25 209
25 210
25 212
26 101
26 103
26 105
26 108
26 109
26 110
26 113
26 115
26 116
26 117
26 118
26 119
26 124
26 127
26 128
26 129
26 130
26 132
26 133
26 134
26 136
26 137
26 138
26 139
26 140
26 141
26 142
26 144
26 149
26 150
26 153
26 154
26 155
26 156
26 157
26 158
26 159
26 162
26 165
26 167
26 169
26 171
26 172
26 173
26 174
26 175
26 179
26 180
26 181
26 182
26 183
26 184
26 185
26 189
26 191
26 194
26 197
26 199
26 200
26 201
26 203
26 206
26 207
26 208
26 209
26 210
26 212
27 103
27 104
27 105
27 106
27 107
27 108
27 111
27 113
27 114
27 115
27 121
27 126
27 127
27 128
27 129
27 130
27 131
27 132
27 134
27 136
27 138
27 140
27 143
27 145
27 147
27 148
27 149
27 150
27 151
27 153
27 154
27 155
27 157
27 158
27 160
27 161
27 162
27 164
27 165
27 167
27 168
27 170
27 173
27 174
27 176
27 178
27 179
27 180
27 183
27 185
27 188
27 190
27 193
27 194
27 196
27 197
27 198
27 199
27 200
27 204
27 206
27 207
27 208
27 209
27 210
27 212
28 102
28 103
28 105
28 107
28 108
28 109
28 110
28 111
28 115
28 116
28 117
28 122
28 123
28 124
28 125
28 126
28 127
28 131
28 132
28 134
28 135
28 137
28 141
28 142
28 143
28 144
28 145
28 146
28 150
28 151
28 155
28 159
28 160
28 161
28 163
28 164
28 165
28 168
28 169
28 170
28 172
28 173
28 174
28 177
28 180
28 181
28 183
28 185
28 186
28 188
28 189
28 191
28 194
28 195
28 196
28 198
28 199
28 200
28 201
28 202
28 204
28 205
28 206
28 207
28 208
29 102
29 105
29 107
29 108
29 109
29 113
29 114
29 117
29 118
29 119
29 121
29 123
29 124
29 125
29 126
29 127
29 129
29 130
29 132
29 133
29 134
29 136
29 138
29 139
29 141
29 143
29 145
29 146
29 148
29 149
29 151
29 156
29 159
29 163
29 164
29 165
29 167
29 169
29 173
29 174
29 177
29 178
29 179
29 181
29 182
29 183
29 184
29 185
29 186
29 189
29 192
29 193
29 194
29 196
29 200
29 204
29 205
29 209
29 211
29 212
30 102
30 104
30 105
30 107
30 109
30 110
30 112
30 113
30 114
30 117
30 119
30 121
30 125
30 126
30 127
30 129
30 131
30 132
30 133
30 135
30 136
30 137
30 140
30 142
30 143
30 144
30 146
30 147
30 148
30 149
30 150
30 151
30 152
30 155
30 157
30 158
30 160
30 161
30 162
30 163
30 167
30 169
30 170
30 175
30 176
30 177
30 178
30 179
30 181
30 184
30 186
30 188
30 189
30 190
30 191
30 192
30 193
30 194
30 195
30 196
30 197
30 198
30 199
30 200
30 203
30 208
30 209
30 210
30 211
30 212
31 103
31 104
31 106
31 107
31 108
31 109
31 110
31 112
31 114
31 115
31 116
31 117
31 119
31 123
31 126
31 127
31 129
31 130
31 134
31 137
31 138
31 140
31 141
31 143
31 145
31 146
31 150
31 152
31 155
31 163
31 164
31 165
31 166
31 169
31 171
31 172
31 173
31 174
31 176
31 177
31 178
31 179
31 180
31 181
31 182
31 186
31 187
31 188
31 191
31 192
31 193
31 194
31 195
31 196
31 197
31 198
31 199
31 200
31 201
31 202
31 205
31 207
31 208
31 209
31 210
31 212
32 102
32 105
32 107
32 108
32 111
32 112
32 113
32 116
32 118
32 119
32 121
32 123
32 124
32 125
32 127
32 128
32 129
32 130
32 131
32 133
32 134
32 136
32 137
32 138
32 141
32 145
32 149
32 150
32 152
32 154
32 155
32 156
32 158
32 160
32 161
32 163
32 164
32 165
32 170
32 172
32 173
32 174
32 175
32 176
32 177
32 178
32 180
32 182
32 183
32 184
32 185
32 186
32 187
32 189
32 190
32 192
32 193
32 195
32 196
32 198
32 200
32 201
32 203
32 204
32 206
32 208
32 209
32 210
32 211
32 212
33 103
33 106
33 107
33 108
33 109
33 110
33 111
33 112
33 114
33 115
33 119
33 120
33 123
33 126
33 130
33 131
33 132
33 133
33 134
33 136
33 137
33 138
33 140
33 142
33 143
33 146
33 148
33 149
33 150
33 151
33 153
33 157
33 161
33 164
33 165
33 166
33 167
33 168
33 169
33 170
33 171
33 173
33 175
33 177
33 178
33 179
33 180
33 183
33 184
33 185
33 186
33 189
33 190
33 191
33 194
33 195
33 197
33 198
33 200
33 201
33 202
33 204
33 206
33 207
33 208
33 209
33 210
33 211
33 212
34 101
34 102
34 103
34 104
34 105
34 107
34 111
34 112
34 114
34 119
34 121
34 122
34 123
34 124
34 125
34 126
34 127
34 128
34 130
34 131
34 134
34 136
34 137
34 141
34 142
34 145
34 146
34 147
34 148
34 151
34 152
34 153
34 155
34 158
34 162
34 163
34 164
34 165
34 166
34 168
34 169
34 172
34 173
34 174
34 176
34 179
34 181
34 183
34 186
34 189
34 190
34 195
34 196
34 197
34 199
34 200
34 201
34 203
34 204
34 206
34 208
34 210
34 212
35 101
35 102
35 107
35 108
35 109
35 110
35 112
35 116
35 118
35 119
35 120
35 122
35 125
35 126
35 127
35 128
35 129
35 131
35 133
35 134
35 137
35 141
35 142
35 143
35 144
35 149
35 151
35 152
35 154
35 155
35 157
35 159
35 160
35 161
35 163
35 164
35 165
35 167
35 169
35 170
35 171
35 172
35 173
35 175
35 176
35 177
35 178
35 180
35 181
35 182
35 184
35 185
35 188
35 189
35 190
35 195
35 199
35 202
35 203
35 205
35 206
35 207
35 210
35 211
36 106
36 109
36 110
36 111
36 114
36 115
36 119
36 121
36 122
36 123
36 124
36 125
36 126
36 127
36 128
36 130
36 133
36 134
36 135
36 136
36 137
36 138
36 139
36 140
36 142
36 143
36 145
36 149
36 150
36 151
36 152
36 153
36 155
36 156
36 157
36 158
36 159
36 160
36 161
36 163
36 167
36 168
36 169
36 170
36 171
36 172
36 175
36 176
36 178
36 180
36 181
36 182
36 183
36 184
36 185
36 186
36 188
36 190
36 192
36 194
36 196
36 199
36 201
36 202
36 203
36 204
36 205
36 206
36 207
36 208
36 209
37 101
37 104
37 106
37 107
37 108
37 111
37 112
37 113
37 118
37 119
37 121
37 122
37 124
37 126
37 127
37 128
37 129
37 132
37 134
37 136
37 138
37 139
37 142
37 144
37 145
37 147
37 148
37 150
37 152
37 156
37 157
37 158
37 159
37 163
37 164
37 165
37 171
37 174
37 177
37 179
37 184
37 186
37 188
37 189
37 190
37 191
37 194
37 195
37 201
37 202
37 203
37 204
37 205
37 206
37 207
37 208
37 209
37 211
37 212
38 102
38 103
38 104
38 105
38 106
38 107
38 109
38 111
38 113
38 114
38 117
38 118
38 119
38 120
38 121
38 122
38 123
38 124
38 125
38 126
38 127
38 128
38 129
38 130
38 132
38 137
38 139
38 142
38 144
38 146
38 147
38 148
38 149
38 150
38 151
38 153
38 154
38 156
38 159
38 161
38 162
38 163
38 164
38 166
38 168
38 169
38 170
38 171
38 172
38 173
38 174
38 176
38 177
38 178
38 182
38 183
38 184
38 186
38 188
38 192
38 193
38 194
38 195
38 196
38 198
38 202
38 203
38 204
38 206
38 208
38 210
38 211
39 101
39 102
39 103
39 104
39 105
39 106
39 107
39 108
39 109
39 113
39 114
39 116
39 119
39 121
39 123
39 124
39 126
39 127
39 128
39 129
39 131
39 132
39 133
39 134
39 135
39 136
39 139
39 140
39 141
39 142
39 143
39 146
39 148
39 150
39 151
39 153
39 154
39 158
39 159
39 160
39 163
39 164
39 165
39 168
39 169
39 170
39 171
39 172
39 175
39 177
39 178
39 179
39 181
39 182
39 184
39 186
39 187
39 189
39 191
39 193
39 194
39 195
39 197
39 200
39 202
39 204
39 205
39 206
39 208
39 209
39 211
39 212
40 104
40 105
40 106
40 107
40 108
40 109
40 110
40 111
40 112
40 113
40 114
40 115
40 119
40 120
40 121
40 122
40 123
40 124
40 126
40 130
40 132
40 133
40 135
40 137
40 138
40 139
40 143
40 145
40 146
40 148
40 149
40 150
40 152
40 155
40 156
40 158
40 160
40 161
40 162
40 164
40 168
40 169
40 171
40 172
40 176
40 177
40 178
40 179
40 180
40 183
40 184
40 188
40 189
40 191
40 192
40 194
40 196
40 197
40 198
40 199
40 200
40 203
40 205
40 206
40 207
40 208
40 209
40 211
40 212
41 102
41 103
41 108
41 110
41 111
41 112
41 114
41 117
41 118
41 120
41 121
41 123
41 124
41 125
41 127
41 128
41 129
41 130
41 132
41 134
41 139
41 140
41 142
41 144
41 147
41 150
41 151
41 152
41 154
41 155
41 159
41 160
41 161
41 162
41 165
41 166
41 167
41 168
41 171
41 173
41 175
41 176
41 177
41 182
41 184
41 185
41 186
41 190
41 191
41 192
41 193
41 194
41 195
41 206
41 209
41 210
41 211
41 212
42 101
42 102
42 105
42 106
42 110
42 112
42 113
42 114
42 116
42 117
42 118
42 121
42 123
42 125
42 126
42 127
42 129
42 130
42 132
42 133
42 134
42 135
42 136
42 138
42 141
42 143
42 144
42 145
42 148
42 149
42 151
42 153
42 155
42 157
42 158
42 159
42 161
42 162
42 163
42 164
42 165
42 166
42 167
42 168
42 169
42 170
42 171
42 172
42 173
42 176
42 178
42 179
42 180
42 182
42 183
42 184
42 186
42 187
42 190
42 193
42 194
42 196
42 197
42 198
42 200
42 201
42 203
42 204
42 205
42 207
42 208
42 209
42 210
42 211
43 102
43 104
43 105
43 106
43 107
43 108
43 109
43 110
43 111
43 114
43 117
43 119
43 120
43 121
43 123
43 124
43 126
43 127
43 128
43 129
43 130
43 136
43 139
43 140
43 142
43 143
43 144
43 145
43 146
43 147
43 150
43 153
43 154
43 157
43 160
43 161
43 162
43 163
43 164
43 166
43 167
43 168
43 173
43 174
43 176
43 178
43 179
43 182
43 183
43 184
43 186
43 187
43 188
43 189
43 190
43 191
43 192
43 193
43 194
43 198
43 202
43 204
43 205
43 207
43 208
43 211
43 212
44 101
44 102
44 103
44 104
44 106
44 107
44 108
44 109
44 111
44 112
44 113
44 114
44 115
44 116
44 117
44 118
44 122
44 123
44 126
44 127
44 128
44 129
44 130
44 131
44 133
44 134
44 135
44 137
44 138
44 142
44 146
44 150
44 151
44 153
44 154
44 155
44 156
44 158
44 159
44 160
44 161
44 162
44 163
44 164
44 166
44 167
44 168
44 169
44 172
44 175
44 177
44 179
44 183
44 184
44 185
44 186
44 187
44 188
44 189
44 190
44 191
44 192
44 193
44 195
44 196
44 197
44 200
44 202
44 203
44 206
44 207
44 208
44 211
45 101
45 103
45 105
45 106
45 108
45 109
45 110
45 111
45 112
45 113
45 114
45 120
45 121
45 122
45 124
45 125
45 127
45 129
45 130
45 131
45 132
45 135
45 136
45 137
45 138
45 141
45 142
45 144
45 145
45 147
45 149
45 150
45 155
45 157
45 158
45 159
45 160
45 161
45 163
45 164
45 166
45 167
45 170
45 171
45 175
45 176
45 180
45 184
45 185
45 187
45 191
45 195
45 197
45 199
45 201
45 202
45 203
45 208
45 209
45 212
46 102
46 103
46 104
46 106
46 107
46 108
46 110
46 111
46 112
46 114
46 115
46 116
46 118
46 119
46 121
46 122
46 123
46 125
46 126
46 129
46 130
46 132
46 133
46 135
46 139
46 140
46 141
46 143
46 145
46 148
46 149
46 151
46 152
46 153
46 154
46 158
46 159
46 160
46 161
46 162
46 163
46 164
46 166
46 170
46 171
46 172
46 177
46 183
46 184
46 186
46 188
46 190
46 191
46 192
46 193
46 194
46 195
46 198
46 201
46 202
46 204
46 205
46 206
46 207
46 209
46 211
46 212
47 101
47 105
47 106
47 107
47 109
47 110
47 111
47 113
47 114
47 117
47 121
47 122
47 123
47 124
47 125
47 128
47 130
47 132
47 133
47 138
47 139
47 141
47 144
47 146
47 147
47 148
47 149
47 150
47 153
47 158
47 161
47 162
47 163
47 164
47 165
47 167
47 169
47 170
47 171
47 172
47 173
47 174
47 175
47 178
47 181
47 182
47 185
47 187
47 191
47 193
47 194
47 197
47 198
47 199
47 200
47 204
47 205
47 207
47 208
47 210
48 101
48 102
48 103
48 104
48 106
48 109
48 110
48 112
48 113
48 114
48 116
48 117
48 118
48 119
48 120
48 122
48 124
48 125
48 128
48 129
48 134
48 135
48 137
48 139
48 141
48 142
48 143
48 144
48 145
48 146
48 147
48 149
48 150
48 151
48 155
48 156
48 159
48 160
48 161
48 162
48 164
48 165
48 167
48 168
48 171
48 172
48 173
48 176
48 177
48 178
48 179
48 182
48 184
48 188
48 190
48 191
48 196
48 197
48 200
48 201
48 202
48 204
48 205
48 209
48 210
48 211
49 101
49 104
49 105
49 106
49 108
49 111
49 112
49 114
49 116
49 119
49 120
49 122
49 123
49 124
49 125
49 126
49 128
49 129
49 131
49 132
49 133
49 135
49 136
49 138
49 140
49 141
49 143
49 144
49 145
49 148
49 149
49 151
49 155
49 157
49 158
49 159
49 160
49 161
49 162
49 163
49 164
49 165
49 166
49 169
49 171
49 172
49 173
49 174
49 176
49 177
49 179
49 180
49 181
49 182
49 183
49 184
49 185
49 186
49 187
49 190
49 192
49 193
49 194
49 195
49 197
49 198
49 199
49 200
49 201
49 203
49 204
49 207
49 211
50 103
50 105
50 107
50 110
50 113
50 114
50 116
50 117
50 122
50 124
50 125
50 127
50 131
50 132
50 133
50 135
50 137
50 138
50 139
50 141
50 142
50 147
50 148
50 149
50 151
50 156
50 157
50 158
50 161
50 163
50 164
50 166
50 168
50 173
50 175
50 176
50 177
50 178
50 180
50 183
50 184
50 185
50 186
50 189
50 191
50 192
50 193
50 194
50 195
50 196
50 197
50 198
50 199
50 201
50 202
50 204
50 205
50 206
50 207
50 209
50 210
50 211
51 101
51 102
51 103
51 106
51 107
51 108
51 110
51 111
51 112
51 113
51 114
51 116
51 119
51 122
51 124
51 126
51 127
51 128
51 129
51 130
51 131
51 132
51 137
51 140
51 142
51 143
51 145
51 146
51 148
51 152
51 154
51 156
51 159
51 162
51 164
51 166
51 169
51 170
51 171
51 172
51 173
51 175
51 179
51 180
51 181
51 182
51 183
51 186
51 188
51 189
51 190
51 192
51 193
51 194
51 196
51 197
51 198
51 199
51 200
51 201
51 202
51 203
51 206
51 207
51 210
51 212
52 101
52 102
52 103
52 104
52 106
52 107
52 110
52 111
52 112
52 113
52 115
52 120
52 121
52 122
52 125
52 126
52 127
52 128
52 129
52 130
52 132
52 133
52 135
52 137
52 140
52 141
52 142
52 144
52 145
52 147
52 148
52 150
52 151
52 152
52 154
52 155
52 156
52 157
52 158
52 160
52 162
52 168
52 170
52 171
52 173
52 175
52 179
52 181
52 182
52 183
52 186
52 189
52 191
52 192
52 194
52 195
52 198
52 201
52 202
52 203
52 207
52 210
52 211
52 212
53 101
53 102
53 104
53 105
53 106
53 107
53 109
53 111
53 112
53 115
53 118
53 123
53 124
53 127
53 129
53 133
53 135
53 136
53 137
53 138
53 140
53 142
53 143
53 145
53 146
53 147
53 149
53 150
53 151
53 153
53 155
53 157
53 158
53 164
53 168
53 169
53 170
53 171
53 174
53 175
53 178
53 181
53 183
53 185
53 186
53 188
53 190
53 191
53 192
53 193
53 197
53 198
53 199
53 200
53 201
53 202
53 203
53 206
53 207
53 208
53 212
54 101
54 102
54 103
54 104
54 105
54 107
54 108
54 111
54 112
54 113
54 114
54 118
54 121
54 122
54 123
54 127
54 128
54 131
54 135
54 136
54 137
54 140
54 141
54 143
54 144
54 152
54 153
54 156
54 159
54 161
54 162
54 164
54 166
54 167
54 169
54 170
54 171
54 172
54 173
54 176
54 177
54 178
54 181
54 182
54 185
54 186
54 187
54 188
54 189
54 191
54 192
54 193
54 195
54 196
54 197
54 199
54 201
54 204
54 205
54 206
54 208
54 209
54 212
55 101
55 102
55 103
55 104
55 106
55 109
55 110
55 112
55 114
55 117
55 122
55 124
55 126
55 130
55 133
55 135
55 138
55 139
55 140
55 141
55 143
55 144
55 145
55 146
55 147
55 148
55 149
55 150
55 152
55 153
55 154
55 155
55 156
55 158
55 159
55 162
55 164
55 165
55 167
55 168
55 169
55 176
55 177
55 178
55 179
55 182
55 184
55 186
55 188
55 190
55 191
55 192
55 193
55 194
55 195
55 199
55 205
55 206
55 207
55 208
55 209
55 210
55 211
56 101
56 102
56 103
56 106
56 107
56 108
56 109
56 111
56 112
56 113
56 115
56 116
56 117
56 118
56 119
56 120
56 122
56 126
56 127
56 129
56 133
56 134
56 136
56 138
56 139
56 140
56 141
56 142
56 145
56 146
56 148
56 149
56 150
56 151
56 154
56 155
56 156
56 158
56 161
56 163
56 164
56 166
56 167
56 169
56 170
56 171
56 172
56 173
56 176
56 179
56 180
56 185
56 187
56 188
56 189
56 190
56 192
56 193
56 194
56 196
56 198
56 199
56 201
56 203
56 204
56 206
56 207
56 208
56 209
56 211
56 212
57 101
57 102
57 103
57 104
57 105
57 107
57 109
57 111
57 112
57 114
57 115
57 116
57 117
57 118
57 122
57 124
57 125
57 126
57 127
57 128
57 129
57 130
57 133
57 136
57 137
57 138
57 139
57 141
57 144
57 146
57 147
57 148
57 151
57 152
57 153
57 157
57 159
57 160
57 162
57 163
57 164
57 167
57 169
57 170
57 171
57 173
57 175
57 176
57 177
57 182
57 183
57 185
57 187
57 188
57 189
57 193
57 194
57 196
57 197
57 199
57 200
57 202
57 205
57 206
57 208
57 210
57 211
58 101
58 102
58 103
58 104
58 106
58 107
58 111
58 113
58 114
58 118
58 119
58 120
58 122
58 123
58 126
58 129
58 131
58 132
58 133
58 135
58 137
58 138
58 139
58 140
58 144
58 148
58 149
58 150
58 151
58 152
58 155
58 156
58 158
58 159
58 160
58 161
58 163
58 165
58 166
58 167
58 169
58 171
58 174
58 176
58 178
58 182
58 183
58 184
58 187
58 188
58 190
58 193
58 194
58 195
58 196
58 200
58 201
58 202
58 203
58 205
58 207
58 209
58 211
58 212
59 102
59 104
59 105
59 106
59 107
59 108
59 110
59 112
59 113
59 117
59 118
59 119
59 120
59 123
59 127
59 128
59 130
59 131
59 133
59 134
59 135
59 136
59 138
59 141
59 142
59 144
59 145
59 146
59 147
59 149
59 152
59 153
59 154
59 155
59 156
59 157
59 159
59 162
59 165
59 168
59 171
59 172
59 174
59 175
59 176
59 177
59 181
59 183
59 186
59 188
59 189
59 191
59 192
59 193
59 196
59 197
59 201
59 203
59 204
59 205
59 206
59 210
59 211
60 102
60 103
60 105
60 107
60 112
60 116
60 117
60 118
60 119
60 120
60 123
60 124
60 125
60 126
60 128
60 129
60 130
60 131
60 132
60 133
60 134
60 135
60 139
60 140
60 141
60 142
60 143
60 146
60 148
60 150
60 151
60 152
60 153
60 154
60 156
60 159
60 162
60 163
60 164
60 165
60 167
60 168
60 171
60 174
60 175
60 176
60 179
60 181
60 182
60 183
60 184
60 185
60 186
60 187
60 188
60 189
60 190
60 192
60 197
60 198
60 199
60 200
60 202
60 203
60 204
60 205
60 207
60 208
60 209
60 210
60 211
60 212
61 101
61 102
61 106
61 107
61 110
61 113
61 115
61 116
61 119
61 122
61 123
61 125
61 127
61 129
61 130
61 132
61 133
61 134
61 136
61 137
61 139
61 140
61 141
61 142
61 144
61 145
61 147
61 148
61 151
61 152
61 153
61 154
61 157
61 160
61 161
61 162
61 163
61 168
61 169
61 171
61 172
61 173
61 175
61 177
61 178
61 180
61 181
61 183
61 184
61 185
61 186
61 188
61 189
61 190
61 192
61 193
61 195
61 197
61 198
61 199
61 201
61 202
61 203
61 205
61 206
61 209
61 211
61 212
62 101
62 103
62 104
62 105
62 106
62 108
62 109
62 110
62 111
62 112
62 120
62 121
62 122
62 123
62 124
62 125
62 127
62 128
62 129
62 130
62 133
62 134
62 135
62 138
62 139
62 140
62 141
62 142
62 143
62 144
62 145
62 146
62 147
62 149
62 150
62 152
62 154
62 157
62 159
62 162
62 163
62 164
62 166
62 167
62 169
62 170
62 172
62 173
62 175
62 176
62 177
62 178
62 180
62 182
62 183
62 184
62 185
62 186
62 190
62 191
62 192
62 193
62 194
62 196
62 197
62 198
62 200
62 202
62 203
62 204
62 207
62 211
62 212
63 101
63 102
63 105
63 106
63 107
63 110
63 112
63 113
63 114
63 115
63 116
63 117
63 118
63 120
63 122
63 127
63 128
63 130
63 131
63 133
63 134
63 135
63 136
63 140
63 142
63 144
63 146
63 147
63 148
63 150
63 152
63 153
63 157
63 161
63 162
63 163
63 164
63 167
63 170
63 171
63 174
63 175
63 176
63 177
63 180
63 182
63 185
63 186
63 187
63 188
63 189
63 190
63 191
63 194
63 195
63 198
63 199
63 200
63 201
63 202
63 203
63 205
63 206
63 211
64 101
64 105
64 107
64 108
64 109
64 110
64 111
64 115
64 117
64 119
64 122
64 124
64 125
64 126
64 127
64 128
64 129
64 130
64 131
64 133
64 134
64 136
64 137
64 138
64 139
64 141
64 143
64 147
64 148
64 149
64 152
64 153
64 154
64 155
64 156
64 157
64 158
64 159
64 160
64 161
64 162
64 163
64 165
64 166
64 167
64 169
64 170
64 174
64 175
64 177
64 178
64 179
64 180
64 183
64 184
64 186
64 188
64 189
64 190
64 191
64 192
64 194
64 196
64 198
64 200
64 201
64 203
64 204
64 206
64 207
64 208
64 209
64 211
64 212
65 101
65 102
65 104
65 105
65 106
65 107
65 108
65 109
65 110
65 114
65 115
65 116
65 118
65 119
65 124
65 126
65 128
65 129
65 131
65 132
65 138
65 139
65 141
65 143
65 144
65 145
65 146
65 149
65 150
65 151
65 152
65 155
65 156
65 157
65 158
65 159
65 160
65 161
65 163
65 164
65 165
65 166
65 167
65 170
65 173
65 176
65 181
65 182
65 185
65 186
65 187
65 188
65 190
65 191
65 192
65 195
65 196
65 197
65 198
65 200
65 201
65 202
65 203
65 206
65 210
65 212
66 101
66 102
66 103
66 109
66 110
66 111
66 112
66 114
66 115
66 117
66 118
66 119
66 120
66 121
66 122
66 127
66 130
66 131
66 133
66 135
66 137
66 138
66 140
66 143
66 146
66 147
66 150
66 151
66 152
66 158
66 159
66 161
66 162
66 163
66 164
66 165
66 167
66 168
66 169
66 170
66 175
66 176
66 177
66 178
66 182
66 183
66 184
66 186
66 187
66 188
66 189
66 190
66 192
66 195
66 198
66 201
66 202
66 203
66 206
66 207
66 208
66 209
66 210
66 212
67 103
67 104
67 105
67 107
67 108
67 116
67 118
67 119
67 120
67 121
67 124
67 125
67 126
67 128
67 130
67 132
67 135
67 136
67 137
67 140
67 141
67 142
67 143
67 144
67 146
67 147
67 150
67 151
67 152
67 155
67 156
67 157
67 158
67 159
67 162
67 163
67 165
67 166
67 168
67 169
67 171
67 173
67 174
67 175
67 176
67 177
67 178
67 179
67 180
67 182
67 184
67 186
67 187
67 188
67 190
67 192
67 193
67 194
67 197
67 198
67 199
67 200
67 201
67 202
67 203
67 207
67 209
67 210
67 212
68 102
68 103
68 106
68 108
68 109
68 110
68 111
68 112
68 113
68 114
68 115
68 116
68 122
68 124
68 125
68 127
68 129
68 130
68 136
68 137
68 139
68 140
68 141
68 142
68 143
68 145
68 146
68 147
68 148
68 151
68 152
68 155
68 159
68 160
68 161
68 164
68 167
68 168
68 169
68 170
68 171
68 172
68 174
68 175
68 176
68 178
68 180
68 181
68 183
68 184
68 185
68 186
68 189
68 190
68 191
68 194
68 195
68 196
68 198
68 199
68 200
68 202
68 204
68 205
68 206
68 208
68 210
68 211
68 212
69 102
69 103
69 106
69 107
69 112
69 114
69 117
69 118
69 120
69 121
69 124
69 125
69 126
69 127
69 130
69 131
69 132
69 133
69 134
69 135
69 136
69 137
69 142
69 144
69 145
69 146
69 147
69 148
69 149
69 150
69 153
69 154
69 155
69 156
69 157
69 158
69 160
69 162
69 163
69 164
69 166
69 168
69 169
69 170
69 172
69 174
69 175
69 177
69 178
69 180
69 181
69 183
69 184
69 186
69 187
69 188
69 189
69 190
69 192
69 193
69 194
69 195
69 196
69 197
69 198
69 200
69 201
69 203
69 206
69 207
69 209
69 211
70 101
70 102
70 103
70 107
70 108
70 109
70 110
70 113
70 114
70 115
70 116
70 117
70 119
70 120
70 122
70 123
70 124
70 125
70 127
70 129
70 131
70 134
70 137
70 138
70 139
70 141
70 142
70 143
70 145
70 146
70 147
70 148
70 149
70 153
70 154
70 155
70 156
70 159
70 160
70 161
70 163
70 164
70 165
70 167
70 168
70 169
70 171
70 172
70 173
70 174
70 175
70 177
70 178
70 179
70 183
70 184
70 186
70 187
70 189
70 191
70 193
70 195
70 196
70 197
70 199
70 200
70 203
70 206
70 207
70 208
70 210
70 211
70 212
71 102
71 103
71 104
71 105
71 106
71 107
71 109
71 110
71 111
71 112
71 114
71 116
71 118
71 120
71 121
71 122
71 123
71 129
71 131
71 132
71 134
71 135
71 136
71 142
71 144
71 149
71 150
71 151
71 152
71 153
71 154
71 155
71 156
71 157
71 158
71 160
71 162
71 164
71 165
71 168
71 169
71 170
71 171
71 172
71 173
71 174
71 177
71 178
71 181
71 182
71 183
71 185
71 186
71 190
71 191
71 192
71 194
71 195
71 197
71 198
71 200
71 206
71 207
71 209
71 210
71 212
72 102
72 103
72 104
72 105
72 107
72 109
72 110
72 111
72 114
72 115
72 116
72 117
72 118
72 119
72 120
72 121
72 122
72 124
72 125
72 128
72 129
72 131
72 133
72 134
72 136
72 137
72 140
72 141
72 143
72 144
72 146
72 150
72 151
72 152
72 153
72 154
72 155
72 161
72 163
72 167
72 169
72 171
72 173
72 174
72 177
72 180
72 181
72 182
72 183
72 185
72 186
72 188
72 190
72 191
72 192
72 193
72 196
72 197
72 198
72 200
72 201
72 202
72 203
72 206
72 210
72 211
72 212
73 102
73 104
73 106
73 107
73 108
73 109
73 112
73 113
73 114
73 115
73 116
73 117
73 118
73 120
73 121
73 122
73 126
73 127
73 129
73 131
73 134
73 135
73 139
73 140
73 141
73 142
73 144
73 146
73 152
73 155
73 156
73 158
73 163
73 165
73 166
73 168
73 169
73 170
73 171
73 172
73 173
73 176
73 177
73 179
73 181
73 182
73 183
73 186
73 187
73 188
73 189
73 192
73 195
73 196
73 198
73 200
73 201
73 202
73 204
73 205
73 206
73 207
73 208
73 209
73 210
73 211
73 212
74 101
74 102
74 103
74 104
74 105
74 107
74 109
74 110
74 111
74 113
74 114
74 115
74 116
74 120
74 122
74 124
74 126
74 127
74 128
74 129
74 130
74 131
74 133
74 134
74 135
74 138
74 140
74 143
74 145
74 148
74 149
74 150
74 152
74 154
74 155
74 156
74 158
74 159
74 160
74 162
74 166
74 167
74 168
74 169
74 170
74 171
74 174
74 175
74 177
74 178
74 180
74 181
74 183
74 184
74 188
74 190
74 191
74 195
74 196
74 198
74 199
74 201
74 202
74 203
74 204
74 207
74 209
74 211
74 212
75 101
75 105
75 107
75 108
75 114
75 115
75 116
75 117
75 118
75 119
75 120
75 122
75 124
75 125
75 126
75 127
75 130
75 131
75 132
75 133
75 134
75 137
75 140
75 141
75 142
75 143
75 144
75 145
75 146
75 149
75 153
75 156
75 158
75 160
75 161
75 163
75 164
75 165
75 168
75 171
75 172
75 174
75 176
75 178
75 179
75 180
75 182
75 183
75 184
75 185
75 186
75 187
75 190
75 193
75 194
75 196
75 197
75 198
75 199
75 200
75 201
75 202
75 203
75 204
75 206
75 209
75 211
75 212
76 101
76 103
76 105
76 106
76 107
76 108
76 110
76 111
76 112
76 113
76 114
76 115
76 116
76 118
76 120
76 121
76 122
76 123
76 125
76 126
76 127
76 130
76 133
76 134
76 135
76 137
76 138
76 142
76 143
76 144
76 145
76 146
76 148
76 149
76 150
76 151
76 152
76 154
76 158
76 162
76 164
76 165
76 166
76 167
76 168
76 171
76 173
76 174
76 177
76 178
76 180
76 181
76 182
76 183
76 185
76 188
76 192
76 193
76 194
76 195
76 196
76 199
76 200
76 202
76 203
76 204
76 206
76 208
76 209
76 210
76 212
77 101
77 103
77 106
77 107
77 110
77 112
77 113
77 114
77 115
77 116
77 125
77 129
77 130
77 132
77 133
77 134
77 135
77 136
77 138
77 140
77 142
77 144
77 146
77 147
77 152
77 154
77 155
77 156
77 159
77 161
77 163
77 164
77 165
77 167
77 168
77 170
77 171
77 173
77 174
77 178
77 180
77 182
77 183
77 184
77 186
77 188
77 189
77 193
77 194
77 195
77 198
77 199
77 201
77 202
77 205
77 206
77 208
77 209
77 210
77 211
77 212
78 102
78 104
78 105
78 106
78 107
78 108
78 111
78 114
78 115
78 117
78 118
78 119
78 120
78 122
78 123
78 124
78 126
78 130
78 131
78 132
78 134
78 136
78 137
78 138
78 139
78 141
78 142
78 143
78 144
78 145
78 147
78 150
78 151
78 152
78 153
78 154
78 155
78 158
78 161
78 163
78 164
78 165
78 166
78 167
78 170
78 175
78 176
78 177
78 178
78 179
78 181
78 183
78 184
78 185
78 186
78 187
78 188
78 191
78 196
78 202
78 203
78 204
78 205
78 206
78 207
78 208
78 209
78 211
79 102
79 103
79 105
79 106
79 107
79 108
79 109
79 111
79 112
79 114
79 115
79 116
79 118
79 119
79 121
79 122
79 123
79 124
79 130
79 134
79 136
79 140
79 144
79 145
79 146
79 147
79 148
79 150
79 153
79 154
79 155
79 156
79 160
79 161
79 162
79 163
79 165
79 166
79 169
79 171
79 172
79 173
79 174
79 177
79 178
79 179
79 180
79 181
79 183
79 187
79 189
79 190
79 191
79 192
79 195
79 200
79 201
79 202
79 204
79 205
79 206
79 210
79 211
80 101
80 104
80 105
80 106
80 107
80 108
80 111
80 112
80 113
80 115
80 117
80 118
80 119
80 120
80 121
80 124
80 126
80 127
80 128
80 132
80 133
80 134
80 137
80 138
80 139
80 141
80 142
80 143
80 145
80 147
80 148
80 150
80 155
80 157
80 158
80 161
80 162
80 163
80 166
80 167
80 169
80 172
80 174
80 175
80 177
80 178
80 179
80 180
80 182
80 183
80 185
80 186
80 187
80 191
80 193
80 195
80 197
80 199
80 200
80 201
80 202
80 204
80 206
80 208
80 209
80 210
81 102
81 103
81 105
81 109
81 110
81 111
81 113
81 118
81 119
81 121
81 122
81 125
81 126
81 128
81 129
81 130
81 131
81 133
81 135
81 136
81 139
81 140
81 142
81 146
81 148
81 150
81 153
81 154
81 156
81 157
81 158
81 160
81 161
81 162
81 163
81 164
81 165
81 166
81 167
81 169
81 170
81 171
81 172
81 173
81 179
81 180
81 184
81 185
81 190
81 191
81 192
81 193
81 194
81 195
81 197
81 199
81 200
81 202
81 203
81 204
81 205
81 206
81 208
81 209
81 210
82 101
82 102
82 103
82 104
82 106
82 108
82 111
82 113
82 116
82 117
82 118
82 119
82 120
82 122
82 124
82 126
82 127
82 128
82 129
82 133
82 134
82 137
82 140
82 144
82 145
82 146
82 147
82 149
82 153
82 154
82 155
82 156
82 158
82 159
82 161
82 163
82 164
82 166
82 167
82 169
82 170
82 171
82 172
82 173
82 174
82 177
82 179
82 183
82 186
82 187
82 189
82 190
82 193
82 195
82 196
82 197
82 198
82 200
82 201
82 203
82 204
82 206
82 208
82 210
82 211
82 212
83 101
83 105
83 106
83 108
83 109
83 110
83 113
83 115
83 119
83 120
83 122
83 123
83 124
83 130
83 131
83 132
83 136
83 137
83 138
83 139
83 140
83 142
83 143
83 144
83 145
83 146
83 148
83 150
83 152
83 153
83 154
83 158
83 163
83 165
83 166
83 168
83 169
83 170
83 171
83 172
83 174
83 175
83 176
83 178
83 179
83 180
83 181
83 182
83 183
83 186
83 187
83 190
83 191
83 192
83 193
83 194
83 195
83 196
83 197
83 199
83 201
83 204
83 205
83 206
83 207
83 209
83 210
83 212
84 107
84 108
84 109
84 110
84 111
84 112
84 113
84 115
84 116
84 118
84 119
84 121
84 122
84 124
84 126
84 127
84 130
84 132
84 133
84 134
84 135
84 136
84 137
84 138
84 139
84 140
84 141
84 144
84 145
84 146
84 147
84 150
84 152
84 153
84 155
84 157
84 158
84 159
84 160
84 164
84 165
84 168
84 169
84 170
84 171
84 172
84 174
84 175
84 178
84 180
84 182
84 184
84 185
84 187
84 190
84 191
84 193
84 194
84 199
84 200
84 201
84 202
84 203
84 204
84 206
84 210
84 212
85 101
85 105
85 107
85 111
85 112
85 115
85 117
85 118
85 119
85 121
85 122
85 127
85 129
85 130
85 132
85 133
85 137
85 138
85 140
85 141
85 144
85 145
85 146
85 147
85 148
85 151
85 154
85 155
85 156
85 158
85 159
85 162
85 166
85 167
85 169
85 170
85 172
85 173
85 175
85 176
85 178
85 179
85 183
85 184
85 185
85 187
85 188
85 189
85 190
85 191
85 192
85 193
85 194
85 196
85 198
85 200
85 202
85 203
85 204
85 205
85 206
85 207
85 208
85 209
86 102
86 104
86 105
86 107
86 108
86 113
86 117
86 118
86 119
86 125
86 126
86 127
86 129
86 130
86 131
86 132
86 134
86 135
86 136
86 137
86 139
86 141
86 143
86 145
86 146
86 147
86 148
86 149
86 151
86 152
86 154
86 156
86 157
86 159
86 160
86 161
86 164
86 165
86 168
86 171
86 172
86 173
86 177
86 179
86 180
86 181
86 182
86 183
86 184
86 185
86 186
86 187
86 188
86 189
86 190
86 192
86 193
86 194
86 198
86 201
86 203
86 205
86 207
86 208
86 209
86 210
86 211
87 101
87 102
87 103
87 105
87 108
87 109
87 111
87 112
87 113
87 116
87 117
87 118
87 120
87 123
87 124
87 125
87 129
87 131
87 132
87 133
87 134
87 135
87 136
87 137
87 138
87 139
87 140
87 141
87 142
87 144
87 146
87 148
87 149
87 150
87 154
87 155
87 156
87 157
87 158
87 159
87 162
87 163
87 164
87 166
87 167
87 168
87 169
87 170
87 171
87 172
87 173
87 177
87 178
87 179
87 181
87 182
87 186
87 187
87 189
87 190
87 191
87 193
87 194
87 195
87 196
87 198
87 199
87 203
87 204
87 205
87 206
87 207
87 208
87 209
87 210
88 102
88 103
88 104
88 107
88 108
88 109
88 113
88 116
88 118
88 120
88 121
88 122
88 123
88 125
88 126
88 127
88 128
88 129
88 130
88 131
88 132
88 134
88 136
88 138
88 140
88 145
88 146
88 150
88 155
88 156
88 157
88 160
88 161
88 162
88 163
88 164
88 165
88 170
88 171
88 172
88 173
88 175
88 176
88 177
88 179
88 180
88 181
88 182
88 183
88 185
88 189
88 190
88 192
88 195
88 196
88 199
88 201
88 202
88 204
88 207
88 209
88 210
88 211
89 101
89 104
89 106
89 107
89 108
89 110
89 111
89 114
89 115
89 117
89 118
89 119
89 123
89 125
89 126
89 128
89 129
89 130
89 131
89 132
89 133
89 134
89 136
89 137
89 138
89 140
89 141
89 142
89 144
89 145
89 147
89 148
89 152
89 153
89 155
89 156
89 157
89 158
89 160
89 161
89 163
89 165
89 166
89 167
89 169
89 170
89 171
89 172
89 173
89 175
89 178
89 179
89 180
89 183
89 184
89 186
89 187
89 188
89 189
89 191
89 192
89 194
89 195
89 197
89 198
89 202
89 204
89 205
89 206
89 207
89 208
89 210
89 212
90 103
90 104
90 106
90 108
90 109
90 113
90 115
90 118
90 120
90 121
90 122
90 124
90 126
90 127
90 128
90 129
90 130
90 132
90 133
90 135
90 136
90 137
90 138
90 139
90 140
90 141
90 142
90 143
90 144
90 146
90 147
90 148
90 149
90 150
90 151
90 153
90 156
90 157
90 158
90 159
90 160
90 162
90 166
90 167
90 170
90 172
90 174
90 175
90 176
90 178
90 180
90 181
90 183
90 184
90 185
90 186
90 187
90 188
90 189
90 190
90 191
90 192
90 193
90 194
90 195
90 197
90 198
90 199
90 201
90 202
90 204
90 205
90 206
90 207
90 209
90 210
90 211
90 212
91 104
91 106
91 107
91 108
91 109
91 114
91 115
91 116
91 117
91 121
91 122
91 125
91 127
91 128
91 129
91 131
91 132
91 135
91 139
91 140
91 141
91 142
91 148
91 153
91 156
91 157
91 158
91 159
91 163
91 164
91 165
91 167
91 168
91 169
91 170
91 171
91 172
91 176
91 177
91 178
91 179
91 180
91 181
91 183
91 184
91 185
91 186
91 187
91 189
91 190
91 194
91 195
91 200
91 201
91 203
91 205
91 207
91 208
91 211
91 212
92 104
92 108
92 113
92 114
92 115
92 117
92 118
92 119
92 120
92 121
92 122
92 124
92 127
92 128
92 130
92 132
92 133
92 134
92 136
92 137
92 138
92 141
92 142
92 143
92 144
92 148
92 149
92 152
92 154
92 155
92 157
92 158
92 159
92 160
92 161
92 162
92 163
92 165
92 167
92 168
92 169
92 170
92 171
92 172
92 173
92 177
92 178
92 182
92 183
92 184
92 185
92 187
92 188
92 189
92 190
92 193
92 194
92 197
92 199
92 200
92 201
92 202
92 203
92 208
92 210
92 211
93 101
93 102
93 104
93 105
93 106
93 108
93 109
93 117
93 118
93 123
93 126
93 128
93 129
93 130
93 131
93 132
93 133
93 134
93 135
93 140
93 141
93 142
93 145
93 150
93 151
93 153
93 154
93 156
93 157
93 159
93 160
93 162
93 165
93 166
93 170
93 172
93 174
93 175
93 177
93 178
93 179
93 180
93 181
93 182
93 186
93 187
93 189
93 192
93 193
93 195
93 196
93 197
93 199
93 201
93 202
93 203
93 204
93 205
93 206
93 207
93 208
93 209
93 212
94 101
94 102
94 104
94 105
94 106
94 108
94 109
94 111
94 112
94 115
94 116
94 119
94 122
94 126
94 129
94 130
94 132
94 133
94 134
94 136
94 137
94 138
94 139
94 140
94 143
94 144
94 146
94 147
94 148
94 149
94 151
94 152
94 154
94 155
94 157
94 160
94 164
94 165
94 166
94 167
94 168
94 170
94 173
94 176
94 177
94 178
94 182
94 183
94 187
94 189
94 190
94 192
94 193
94 194
94 195
94 196
94 197
94 198
94 199
94 200
94 202
94 203
94 204
94 205
94 206
94 207
94 208
94 210
94 211
95 101
95 102
95 104
95 105
95 107
95 108
95 110
95 112
95 113
95 115
95 116
95 117
95 118
95 119
95 120
95 121
95 123
95 124
95 125
95 126
95 127
95 132
95 133
95 134
95 136
95 137
95 140
95 141
95 143
95 144
95 145
95 147
95 148
95 150
95 151
95 156
95 157
95 158
95 159
95 160
95 161
95 162
95 163
95 164
95 165
95 166
95 167
95 168
95 170
95 174
95 175
95 176
95 177
95 178
95 179
95 181
95 183
95 188
95 189
95 190
95 191
95 194
95 195
95 196
95 198
95 200
95 201
95 203
95 204
95 206
95 209
95 210
95 211
96 101
96 103
96 105
96 106
96 107
96 109
96 112
96 113
96 115
96 116
96 117
96 120
96 125
96 127
96 129
96 131
96 134
96 135
96 136
96 139
96 140
96 142
96 143
96 144
96 146
96 148
96 150
96 151
96 152
96 153
96 154
96 156
96 157
96 158
96 159
96 160
96 161
96 164
96 165
96 167
96 168
96 169
96 172
96 173
96 174
96 175
96 177
96 178
96 179
96 181
96 183
96 185
96 186
96 187
96 188
96 190
96 191
96 192
96 194
96 195
96 196
96 197
96 199
96 201
96 202
96 203
96 204
96 212
97 101
97 103
97 104
97 105
97 106
97 109
97 114
97 115
97 117
97 118
97 121
97 123
97 124
97 127
97 128
97 129
97 132
97 133
97 135
97 138
97 139
97 140
97 143
97 145
97 146
97 150
97 151
97 152
97 153
97 155
97 158
97 160
97 161
97 162
97 163
97 166
97 167
97 168
97 169
97 175
97 176
97 177
97 178
97 179
97 180
97 181
97 182
97 183
97 184
97 185
97 186
97 188
97 189
97 191
97 193
97 194
97 195
97 200
97 202
97 203
97 205
97 206
97 207
97 209
98 103
98 104
98 107
98 108
98 109
98 110
98 111
98 112
98 113
98 114
98 116
98 117
98 119
98 121
98 122
98 123
98 124
98 125
98 126
98 127
98 128
98 129
98 131
98 132
98 133
98 137
98 138
98 141
98 143
98 144
98 147
98 148
98 151
98 153
98 157
98 158
98 159
98 160
98 162
98 163
98 165
98 167
98 168
98 169
98 170
98 172
98 173
98 174
98 175
98 176
98 177
98 179
98 180
98 181
98 182
98 183
98 184
98 187
98 188
98 189
98 191
98 192
98 193
98 196
98 197
98 199
98 203
98 204
98 207
98 208
98 210
98 211
98 212
99 101
99 102
99 103
99 105
99 107
99 108
99 109
99 110
99 111
99 112
99 113
99 115
99 116
99 117
99 122
99 128
99 129
99 132
99 134
99 135
99 136
99 138
99 139
99 140
99 143
99 144
99 145
99 146
99 149
99 150
99 151
99 152
99 153
99 156
99 158
99 160
99 161
99 164
99 165
99 166
99 168
99 169
99 171
99 174
99 177
99 178
99 180
99 181
99 183
99 184
99 187
99 188
99 189
99 190
99 191
99 192
99 194
99 195
99 196
99 200
99 204
99 205
99 207
99 208
99 209
99 210
100 101
100 102
100 103
100 105
100 106
100 108
100 110
100 112
100 113
100 115
100 119
100 120
100 126
100 127
100 128
100 129
100 130
100 134
100 135
100 136
100 137
100 139
100 142
100 143
100 144
100 147
100 148
100 150
100 156
100 160
100 161
100 162
100 164
100 165
100 166
100 167
100 168
100 169
100 170
100 171
100 175
100 177
100 178
100 182
100 183
100 185
100 186
100 188
100 189
100 191
100 194
100 196
100 198
100 200
100 201
100 202
100 210
