1256
1 2 40
1 3 36
1 4 82
1 5 59
1 6 23
1 7 12
1 8 69
1 9 19
1 10 89
1 11 62
1 12 45
1 13 67
1 14 32
1 15 77
1 16 29
1 17 17
1 18 64
1 19 72
1 20 5
1 21 27
1 22 68
1 23 7
1 24 2
1 25 99
1 26 90
1 27 63
1 28 48
1 29 95
1 30 93
1 31 21
1 32 19
1 33 69
1 34 16
1 35 57
1 36 50
1 37 89
1 38 10
1 39 56
1 40 18
1 41 94
1 42 77
1 43 70
1 44 64
1 45 82
1 46 37
1 47 95
1 48 70
1 49 88
1 50 44
1 51 96
2 3 49
2 4 2
2 5 32
2 6 36
2 7 37
2 8 55
2 9 23
2 10 6
2 11 96
2 12 95
2 13 28
2 14 62
2 15 9
2 16 73
2 17 88
2 18 69
2 19 76
2 20 3
2 21 24
2 22 87
2 23 15
2 24 19
2 25 85
2 26 21
2 27 30
2 28 47
2 29 20
2 30 86
2 31 61
2 32 38
2 33 94
2 34 12
2 35 56
2 36 48
2 37 65
2 38 7
2 39 66
2 40 24
2 41 80
2 42 20
2 43 73
2 44 64
2 45 47
2 46 98
2 47 86
2 48 2
2 49 72
2 50 81
2 51 85
3 4 21
3 5 70
3 6 46
3 7 69
3 8 24
3 9 68
3 10 41
3 11 48
3 12 70
3 13 27
3 14 40
3 15 58
3 16 11
3 17 9
3 18 36
3 19 67
3 20 23
3 21 53
3 22 75
3 23 6
3 24 22
3 25 65
3 26 94
3 27 41
3 28 69
3 29 62
3 30 5
3 31 81
3 32 77
3 33 75
3 34 45
3 35 96
3 36 96
3 37 65
3 38 22
3 39 89
3 40 51
3 41 87
3 42 94
3 43 22
3 44 56
3 45 37
3 46 52
3 47 42
3 48 54
3 49 24
3 50 75
3 51 34
4 5 99
4 6 98
4 7 3
4 8 59
4 9 56
4 10 52
4 11 38
4 12 45
4 13 73
4 14 10
4 15 6
4 16 33
4 17 16
4 18 87
4 19 20
4 20 52
4 21 99
4 22 75
4 23 51
4 24 48
4 25 58
4 26 18
4 27 37
4 28 84
4 29 99
4 30 51
4 31 94
4 32 18
4 33 2
4 34 93
4 35 45
4 36 7
4 37 95
4 38 5
4 39 42
4 40 19
4 41 11
4 42 51
4 43 36
4 44 6
4 45 78
4 46 79
4 47 60
4 48 80
4 49 23
4 50 48
4 51 6
5 6 15
5 7 39
5 8 78
5 9 62
5 10 71
5 11 97
5 12 98
5 13 35
5 14 39
5 15 68
5 16 8
5 17 59
5 18 98
5 19 93
5 20 20
5 21 91
5 22 87
5 23 43
5 24 85
5 25 30
5 26 73
5 27 86
5 28 97
5 29 67
5 30 48
5 31 48
5 32 28
5 33 1
5 34 22
5 35 92
5 36 87
5 37 94
5 38 27
5 39 46
5 40 98
5 41 14
5 42 74
5 43 14
5 44 20
5 45 59
5 46 83
5 47 21
5 48 18
5 49 86
5 50 61
5 51 13
6 7 63
6 8 14
6 9 56
6 10 26
6 11 69
6 12 56
6 13 47
6 14 86
6 15 20
6 16 48
6 17 65
6 18 50
6 19 75
6 20 78
6 21 49
6 22 57
6 23 81
6 24 9
6 25 99
6 26 57
6 27 46
6 28 42
6 29 30
6 30 10
6 31 17
6 32 85
6 33 15
6 34 57
6 35 21
6 36 56
6 37 4
6 38 37
6 39 39
6 40 40
6 41 90
6 42 42
6 43 15
6 44 71
6 45 55
6 46 89
6 47 17
6 48 87
6 49 92
6 50 98
6 51 84
7 8 66
7 9 46
7 10 68
7 11 70
7 12 86
7 13 38
7 14 32
7 15 87
7 16 65
7 17 36
7 18 72
7 19 11
7 20 31
7 21 60
7 22 63
7 23 29
7 24 92
7 25 40
7 26 98
7 27 52
7 28 32
7 29 6
7 30 63
7 31 66
7 32 52
7 33 59
7 34 25
7 36 36
7 37 73
7 38 49
7 39 33
7 40 61
7 41 3
7 42 32
7 43 73
7 44 48
7 45 85
7 46 16
7 47 96
7 48 27
7 49 87
7 50 39
7 51 48
8 9 85
8 10 50
8 11 17
8 12 97
8 13 23
8 14 50
8 15 9
8 16 39
8 17 95
8 18 89
8 19 79
8 20 45
8 21 18
8 22 44
8 23 27
8 25 9
8 26 40
8 27 27
8 28 7
8 29 59
8 30 9
8 31 67
8 32 52
8 33 12
8 35 59
8 36 37
8 37 21
8 38 64
8 39 35
8 40 95
8 41 21
8 42 37
8 43 96
8 44 10
8 45 37
8 46 11
8 47 23
8 48 92
8 49 19
8 50 98
8 51 2
9 10 25
9 11 68
9 12 42
9 13 27
9 14 49
9 15 80
9 16 19
9 17 69
9 18 71
9 19 38
9 20 70
9 21 99
9 22 54
9 23 19
9 24 7
9 25 54
9 26 45
9 27 86
9 28 53
9 29 8
9 30 2
9 31 37
9 32 51
9 33 5
9 34 82
9 35 6
9 36 66
9 37 8
9 38 10
9 39 84
9 40 56
9 41 1
9 42 15
9 43 2
9 44 18
9 45 69
9 46 73
9 47 9
9 48 17
9 49 84
9 50 17
9 51 73
10 11 80
10 12 89
10 13 86
10 14 56
10 15 77
10 16 4
10 17 31
10 18 43
10 19 50
10 20 81
10 21 29
10 22 46
10 23 19
10 24 5
10 25 64
10 26 50
10 27 11
10 28 73
10 29 70
10 30 26
10 31 31
10 32 69
10 33 31
10 34 13
10 35 60
10 36 17
10 37 61
10 38 31
10 39 3
10 40 90
10 41 59
10 42 96
10 43 26
10 44 74
10 45 93
10 46 42
10 47 39
10 48 1
10 49 47
10 50 97
10 51 53
11 12 33
11 13 76
11 14 30
11 15 54
11 16 36
11 17 31
11 18 15
11 19 66
11 20 34
11 21 75
11 22 48
11 23 18
11 24 81
11 25 18
11 26 80
11 27 11
11 28 78
11 29 57
11 30 89
11 31 98
11 32 13
11 33 48
11 34 29
11 35 73
11 36 11
11 37 38
11 38 73
11 39 51
11 40 27
11 41 1
11 42 50
11 43 1
11 44 40
11 45 22
11 46 98
11 47 61
11 48 73
11 49 47
11 50 36
11 51 28
12 13 37
12 14 70
12 15 94
12 16 20
12 17 9
12 19 70
12 20 15
12 21 27
12 22 39
12 23 88
12 24 85
12 25 33
12 26 73
12 27 27
12 28 91
12 29 59
12 30 29
12 31 38
12 32 53
12 33 60
12 34 61
12 35 21
12 36 58
12 37 23
12 38 78
12 39 31
12 40 30
12 41 4
12 42 20
12 43 65
12 44 57
12 45 84
12 46 98
12 47 89
12 48 67
12 49 61
12 50 17
12 51 34
13 14 80
13 15 34
13 16 76
13 17 20
13 18 68
13 19 90
13 20 41
13 21 61
13 22 23
13 23 30
13 24 21
13 25 97
13 26 86
13 27 66
13 28 61
13 29 75
13 30 7
13 31 65
13 32 74
13 33 99
13 34 97
13 35 83
13 36 46
13 37 94
13 38 7
13 39 96
13 40 38
13 41 60
13 42 78
13 43 6
13 44 78
13 45 22
13 46 34
13 47 73
13 48 3
13 50 17
13 51 27
14 15 14
14 16 61
14 17 30
14 18 13
14 19 78
14 20 21
14 21 63
14 22 23
14 23 56
14 24 83
14 25 66
14 26 4
14 27 57
14 28 82
14 29 60
14 30 96
14 31 2
14 32 73
14 33 62
14 34 52
14 35 80
14 36 93
14 37 46
14 38 79
14 39 88
14 40 49
14 42 43
14 43 38
14 44 17
14 45 65
14 47 20
14 48 37
14 49 98
14 50 6
14 51 20
15 16 77
15 17 37
15 18 13
15 19 26
15 20 74
15 21 65
15 22 55
15 23 94
15 24 67
15 25 38
15 26 19
15 27 48
15 28 75
15 29 97
15 30 37
15 31 98
15 32 7
15 33 85
15 34 38
15 35 81
15 36 72
15 37 40
15 38 67
15 39 50
15 41 43
15 42 73
15 43 34
15 44 74
15 45 67
15 46 92
15 47 49
15 48 97
15 49 34
15 50 86
15 51 33
16 17 10
16 18 10
16 19 13
16 20 5
16 21 60
16 22 34
16 23 77
16 24 5
16 25 78
16 26 25
16 27 99
16 28 9
16 29 82
16 30 30
16 31 43
16 32 73
16 33 9
16 34 75
16 35 72
16 36 54
16 37 68
16 38 66
16 39 63
16 40 68
16 41 94
16 42 26
16 43 65
16 44 14
16 45 16
16 46 71
16 47 41
16 48 38
16 49 41
16 50 20
16 51 43
17 18 17
17 19 56
17 20 7
17 21 95
17 22 34
17 23 32
17 24 84
17 25 44
17 26 82
17 27 84
17 28 99
17 29 95
17 30 66
17 31 99
17 32 56
17 33 87
17 34 28
17 35 7
17 36 30
17 37 64
17 38 43
17 39 59
17 40 88
17 41 93
17 42 90
17 43 55
17 44 18
17 45 35
17 46 28
17 48 8
17 49 1
17 50 7
17 51 25
18 19 20
18 20 71
18 21 19
18 22 77
18 23 83
18 24 12
18 25 16
18 26 91
18 27 23
18 28 86
18 29 81
18 30 43
18 31 24
18 32 56
18 33 31
18 34 85
18 35 19
18 36 8
18 37 2
18 38 8
18 39 45
18 40 55
18 41 99
18 42 57
18 43 51
18 44 21
18 45 90
18 46 50
18 47 96
18 48 13
18 49 35
18 50 3
18 51 7
19 20 83
19 21 21
19 22 98
19 23 36
19 24 59
19 25 2
19 26 93
19 27 83
19 28 63
19 29 78
19 30 20
19 31 22
19 32 44
19 33 60
19 34 25
19 35 79
19 36 64
19 37 36
19 38 84
19 39 73
19 40 95
19 41 78
19 42 7
19 43 15
19 44 67
19 45 90
19 46 40
19 47 30
19 48 16
19 49 44
19 50 93
19 51 98
20 21 44
20 22 95
20 23 56
20 24 23
20 25 31
20 26 9
20 27 40
20 28 29
20 29 18
20 30 97
20 31 30
20 32 98
20 33 55
20 34 19
20 36 1
20 37 88
20 38 71
20 39 81
20 40 15
20 41 9
20 42 38
20 43 55
20 44 6
20 45 41
20 46 36
20 47 40
20 48 4
20 49 73
20 50 89
20 51 57
21 22 63
21 23 36
21 24 2
21 25 58
21 26 52
21 27 95
21 28 56
21 29 64
21 30 46
21 31 88
21 32 88
21 33 26
21 34 6
21 35 36
21 36 65
21 37 83
21 38 62
21 39 9
21 40 76
21 41 18
21 42 85
21 43 95
21 44 95
21 45 99
21 46 6
21 47 58
21 48 74
21 49 94
21 50 98
21 51 90
22 23 23
22 24 33
22 25 18
22 26 76
22 27 65
22 28 48
22 29 2
22 30 84
22 31 61
22 32 39
22 33 19
22 34 49
22 35 69
22 38 56
22 39 42
22 40 33
22 41 57
22 42 70
22 43 57
22 44 77
22 45 44
22 46 48
22 47 99
22 48 93
22 49 41
22 50 50
22 51 19
23 24 36
23 25 60
23 26 36
23 27 43
23 28 15
23 29 67
23 30 73
23 31 47
23 32 87
23 33 64
23 35 61
23 36 38
23 37 37
23 38 43
23 39 66
23 40 44
23 41 61
23 42 67
23 43 5
23 44 98
23 45 77
23 46 74
23 47 19
23 48 88
23 49 42
23 50 39
23 51 56
24 25 78
24 26 87
24 27 92
24 28 12
24 29 78
24 30 49
24 31 73
24 32 10
24 33 38
24 34 62
24 35 71
24 36 21
24 37 71
24 38 67
24 39 59
24 40 2
24 41 3
24 42 63
24 43 66
24 44 51
24 45 58
24 46 26
24 47 57
24 48 5
24 49 43
24 50 67
24 51 87
25 26 34
25 27 69
25 28 42
25 29 7
25 30 48
25 31 45
25 32 81
25 33 89
25 34 50
25 35 86
25 36 9
25 37 44
25 38 81
25 39 71
25 40 46
25 41 5
25 42 38
25 43 98
25 44 60
25 45 28
25 46 78
25 47 9
25 48 82
25 49 14
25 50 20
25 51 56
26 27 64
26 28 40
26 29 52
26 30 78
26 31 10
26 32 14
26 33 53
26 34 67
26 35 1
26 36 36
26 37 64
26 38 37
26 39 86
26 40 31
26 41 60
26 42 44
26 43 80
26 44 64
26 45 81
26 46 83
26 48 53
26 49 85
26 50 19
26 51 38
27 28 51
27 29 60
27 30 53
27 31 97
27 32 26
27 33 67
27 34 50
27 35 30
27 36 63
27 37 8
27 38 61
27 39 57
27 40 38
27 41 7
27 42 20
27 43 33
27 44 7
27 45 13
27 46 26
27 47 49
27 48 60
27 49 69
27 50 33
27 51 60
28 29 84
28 30 82
28 31 66
28 32 26
28 33 52
28 34 95
28 35 10
28 36 95
28 37 65
28 38 12
28 39 58
28 40 84
28 41 24
28 42 73
28 43 89
28 44 76
28 45 49
28 46 70
28 47 15
28 48 22
28 49 73
28 50 86
28 51 3
29 30 22
29 31 71
29 32 73
29 33 45
29 34 30
29 35 83
29 36 5
29 37 60
29 38 95
29 39 19
29 40 69
29 42 90
29 43 70
29 44 10
29 45 29
29 46 13
29 47 63
29 48 54
29 49 15
29 50 40
29 51 89
30 31 89
30 32 80
30 33 80
30 34 66
30 35 47
30 36 26
30 37 80
30 38 43
30 39 10
30 40 96
30 41 41
30 42 52
30 43 97
30 44 35
30 45 98
30 46 32
30 47 14
30 48 19
30 49 52
30 50 50
30 51 24
31 32 69
31 33 67
31 34 34
31 35 43
31 36 75
31 37 76
31 38 99
31 39 54
31 40 3
31 41 70
31 42 31
31 43 31
31 44 21
31 45 92
31 46 37
31 47 71
31 48 41
31 49 11
31 50 10
31 51 29
32 33 34
32 34 34
32 35 35
32 37 21
32 38 46
32 39 88
32 40 43
32 41 68
32 42 4
32 43 85
32 44 24
32 45 5
32 46 56
32 47 97
32 49 86
32 50 40
32 51 26
33 34 58
33 35 1
33 36 39
33 37 42
33 38 6
33 39 31
33 40 36
33 41 39
33 42 99
33 43 66
33 44 49
33 45 8
33 46 17
33 47 69
33 48 38
33 49 16
33 50 1
33 51 3
34 35 25
34 36 6
34 37 48
34 38 98
34 39 30
34 40 85
34 41 5
34 42 57
34 43 94
34 44 72
34 45 47
34 46 95
34 47 82
34 48 53
34 49 70
34 50 5
34 51 53
35 36 19
35 37 31
35 38 59
35 39 40
35 40 67
35 41 13
35 42 7
35 43 88
35 44 56
35 45 38
35 46 74
35 47 87
35 48 99
35 49 44
35 50 66
35 51 38
36 37 96
36 38 13
36 39 8
36 40 23
36 41 23
36 42 76
36 43 90
36 44 77
36 45 91
36 46 8
36 47 99
36 48 96
36 49 26
36 50 8
36 51 99
37 38 55
37 39 53
37 40 11
37 41 88
37 42 52
37 43 25
37 44 19
37 45 18
37 46 68
37 47 64
37 48 73
37 49 48
37 50 97
37 51 16
38 39 49
38 40 23
38 41 36
38 42 48
38 43 13
38 44 52
38 45 60
38 46 31
38 47 60
38 48 72
38 49 81
38 50 2
38 51 38
39 40 93
39 41 84
39 42 51
39 43 20
39 44 25
39 45 98
39 46 52
39 47 44
39 48 36
39 49 49
39 50 66
39 51 26
40 41 81
40 43 88
40 44 77
40 45 69
40 46 99
40 47 78
40 48 86
40 49 24
40 50 8
40 51 94
41 42 97
41 43 33
41 44 40
41 45 27
41 46 8
41 47 46
41 48 85
41 49 18
41 50 48
41 51 82
42 43 70
42 44 15
42 45 28
42 47 60
42 48 76
42 49 16
42 50 10
42 51 74
43 44 11
43 45 50
43 46 15
43 47 56
43 48 21
43 49 2
43 50 73
43 51 61
44 45 12
44 46 20
44 47 82
44 48 91
44 49 84
44 50 29
44 51 97
45 46 97
45 47 57
45 48 33
45 49 73
45 50 18
45 51 48
46 47 97
46 48 52
46 49 83
46 50 14
46 51 58
47 48 98
47 49 91
47 50 28
47 51 18
48 49 37
48 50 49
48 51 36
49 50 70
49 51 59
50 51 18
